thit#	eventID	hit#	channel	edge	error	coarse	fine	time
0	4	0	0	1	0	14	2	351.562500ns
1	15	0	0	1	0	12	17	313.281250ns
2	19	0	0	1	0	7	21	191.406250ns
3	26	0	0	1	0	19	18	489.062500ns
4	41	0	0	1	0	30	3	752.343750ns
5	43	0	0	1	0	6	3	152.343750ns
6	59	0	0	1	0	19	0	475.000000ns
7	61	0	0	1	0	20	6	504.687500ns
8	64	0	0	1	0	1	22	42.187500ns
9	72	0	0	1	0	7	9	182.031250ns
10	105	0	0	1	0	15	31	399.218750ns
11	108	0	0	1	0	31	23	792.968750ns
12	136	0	0	1	0	23	14	585.937500ns
13	161	0	0	1	0	12	16	312.500000ns
14	177	0	0	1	0	16	3	402.343750ns
15	186	0	0	1	0	16	18	414.062500ns
16	205	0	0	1	0	6	4	153.125000ns
17	231	0	0	1	0	8	11	208.593750ns
18	235	0	0	1	0	30	12	759.375000ns
19	240	0	0	1	0	0	22	17.187500ns
20	241	0	0	1	0	21	10	532.812500ns
21	262	0	0	1	0	15	26	395.312500ns
22	265	0	0	1	0	11	24	293.750000ns
23	268	0	0	1	0	10	17	263.281250ns
24	269	0	0	1	0	22	28	571.875000ns
25	271	0	0	1	0	6	5	153.906250ns
26	274	0	0	1	0	21	29	547.656250ns
27	276	0	0	1	0	9	25	244.531250ns
28	277	0	0	1	0	4	5	103.906250ns
29	292	0	0	1	0	7	6	179.687500ns
30	300	0	0	1	0	4	16	112.500000ns
31	304	0	0	1	0	20	11	508.593750ns
32	309	0	0	1	0	15	6	379.687500ns
33	313	0	0	1	0	27	11	683.593750ns
34	332	0	0	1	0	23	8	581.250000ns
35	358	0	0	1	0	9	14	235.937500ns
36	376	0	0	1	0	12	11	308.593750ns
37	377	0	0	1	0	26	27	671.093750ns
38	379	0	0	1	0	17	19	439.843750ns
39	382	0	0	1	0	18	24	468.750000ns
40	383	0	0	1	0	6	31	174.218750ns
41	404	0	0	1	0	18	25	469.531250ns
42	406	0	0	1	0	26	2	651.562500ns
43	407	0	0	1	0	29	26	745.312500ns
44	413	0	0	1	0	23	24	593.750000ns
45	422	0	0	1	0	20	17	513.281250ns
46	428	0	0	1	0	6	5	153.906250ns
47	434	0	0	1	0	10	19	264.843750ns
48	450	0	0	1	0	5	28	146.875000ns
49	451	0	0	1	0	31	16	787.500000ns
50	459	0	0	1	0	26	21	666.406250ns
51	461	0	0	1	0	11	29	297.656250ns
52	464	0	0	1	0	11	6	279.687500ns
53	466	0	0	1	0	0	2	1.562500ns
54	475	0	0	1	0	14	27	371.093750ns
55	482	0	0	1	0	5	11	133.593750ns
56	517	0	0	1	0	1	10	32.812500ns
57	519	0	0	1	0	23	1	575.781250ns
58	527	0	0	1	0	3	28	96.875000ns
59	538	0	0	1	0	14	2	351.562500ns
60	541	0	0	1	0	18	23	467.968750ns
61	549	0	0	1	0	23	17	588.281250ns
62	551	0	0	1	0	26	13	660.156250ns
63	552	0	0	1	0	22	12	559.375000ns
64	558	0	0	1	0	9	22	242.187500ns
65	561	0	0	1	0	27	12	684.375000ns
66	566	0	0	1	0	4	28	121.875000ns
67	576	0	0	1	0	26	2	651.562500ns
68	577	0	0	1	0	16	17	413.281250ns
69	590	0	0	1	0	20	9	507.031250ns
70	592	0	0	1	0	18	22	467.187500ns
71	594	0	0	1	0	0	13	10.156250ns
72	601	0	0	1	0	4	2	101.562500ns
73	614	0	0	1	0	7	19	189.843750ns
74	618	0	0	1	0	1	9	32.031250ns
75	627	0	0	1	0	26	6	654.687500ns
76	628	0	0	1	0	6	10	157.812500ns
77	629	0	0	1	0	29	25	744.531250ns
78	630	0	0	1	0	24	16	612.500000ns
79	632	0	0	1	0	8	31	224.218750ns
80	637	0	0	1	0	10	4	253.125000ns
81	640	0	0	1	0	18	5	453.906250ns
82	641	0	0	1	0	13	17	338.281250ns
83	645	0	0	1	0	27	4	678.125000ns
84	650	0	0	1	0	27	25	694.531250ns
85	656	0	0	1	0	13	3	327.343750ns
86	660	0	0	1	0	6	21	166.406250ns
87	676	0	0	1	0	17	16	437.500000ns
88	678	0	0	1	0	12	10	307.812500ns
89	687	0	0	1	0	23	10	582.812500ns
90	691	0	0	1	0	10	10	257.812500ns
91	696	0	0	1	0	30	2	751.562500ns
92	699	0	0	1	0	7	5	178.906250ns
93	700	0	0	1	0	19	8	481.250000ns
94	704	0	0	1	0	5	21	141.406250ns
95	706	0	0	1	0	8	29	222.656250ns
96	711	0	0	1	0	16	29	422.656250ns
97	714	0	0	1	0	18	14	460.937500ns
98	722	0	0	1	0	7	5	178.906250ns
99	732	0	0	1	0	8	3	202.343750ns
100	739	0	0	1	0	8	10	207.812500ns
101	758	0	0	1	0	18	18	464.062500ns
102	760	0	0	1	0	22	10	557.812500ns
103	761	0	0	1	0	16	7	405.468750ns
104	769	0	0	1	0	17	28	446.875000ns
105	781	0	0	1	0	28	7	705.468750ns
106	782	0	0	1	0	13	22	342.187500ns
107	794	0	0	1	0	12	8	306.250000ns
108	795	0	0	1	0	8	19	214.843750ns
109	796	0	0	1	0	4	0	100.000000ns
110	797	0	0	1	0	8	5	203.906250ns
111	801	0	0	1	0	16	29	422.656250ns
112	802	0	0	1	0	19	12	484.375000ns
113	803	0	0	1	0	13	3	327.343750ns
114	805	0	0	1	0	26	4	653.125000ns
115	808	0	0	1	0	31	15	786.718750ns
116	813	0	0	1	0	18	7	455.468750ns
117	815	0	0	1	0	26	12	659.375000ns
118	819	0	0	1	0	17	16	437.500000ns
119	821	0	0	1	0	31	6	779.687500ns
120	824	0	0	1	0	4	25	119.531250ns
121	825	0	0	1	0	2	13	60.156250ns
122	827	0	0	1	0	29	5	728.906250ns
123	830	0	0	1	0	23	11	583.593750ns
124	833	0	0	1	0	4	5	103.906250ns
125	835	0	0	1	0	6	3	152.343750ns
126	837	0	0	1	0	26	12	659.375000ns
127	839	0	0	1	0	12	8	306.250000ns
128	840	0	0	1	0	0	1	0.781250ns
129	844	0	0	1	0	27	11	683.593750ns
130	851	0	0	1	0	5	13	135.156250ns
131	852	0	0	1	0	25	24	643.750000ns
132	855	0	0	1	0	24	11	608.593750ns
133	856	0	0	1	0	20	9	507.031250ns
134	857	0	0	1	0	20	26	520.312500ns
135	860	0	0	1	0	25	10	632.812500ns
136	864	0	0	1	0	14	5	353.906250ns
137	866	0	0	1	0	9	23	242.968750ns
138	867	0	0	1	0	0	23	17.968750ns
139	873	0	0	1	0	9	0	225.000000ns
140	875	0	0	1	0	23	12	584.375000ns
141	879	0	0	1	0	12	1	300.781250ns
142	882	0	0	1	0	20	6	504.687500ns
143	883	0	0	1	0	31	3	777.343750ns
144	890	0	0	1	0	28	15	711.718750ns
145	891	0	0	1	0	12	14	310.937500ns
146	894	0	0	1	0	25	2	626.562500ns
147	901	0	0	1	0	29	2	726.562500ns
148	903	0	0	1	0	12	23	317.968750ns
149	904	0	0	1	0	0	15	11.718750ns
150	906	0	0	1	0	4	6	104.687500ns
151	907	0	0	1	0	14	10	357.812500ns
152	908	0	0	1	0	6	10	157.812500ns
153	912	0	0	1	0	15	12	384.375000ns
154	916	0	0	1	0	31	7	780.468750ns
155	918	0	0	1	0	25	14	635.937500ns
156	921	0	0	1	0	5	10	132.812500ns
157	923	0	0	1	0	28	31	724.218750ns
158	924	0	0	1	0	14	8	356.250000ns
159	930	0	0	1	0	0	8	6.250000ns
160	931	0	0	1	0	27	10	682.812500ns
161	932	0	0	1	0	15	29	397.656250ns
162	934	0	0	1	0	21	23	542.968750ns
163	935	0	0	1	0	11	7	280.468750ns
164	943	0	0	1	0	26	4	653.125000ns
165	944	0	0	1	0	22	10	557.812500ns
166	945	0	0	1	0	27	7	680.468750ns
167	948	0	0	1	0	30	18	764.062500ns
168	950	0	0	1	0	28	21	716.406250ns
169	956	0	0	1	0	19	24	493.750000ns
170	958	0	0	1	0	8	5	203.906250ns
171	959	0	0	1	0	24	8	606.250000ns
172	961	0	0	1	0	19	12	484.375000ns
173	966	0	0	1	0	17	9	432.031250ns
174	968	0	0	1	0	29	14	735.937500ns
175	970	0	0	1	0	6	4	153.125000ns
176	971	0	0	1	0	2	12	59.375000ns
177	972	0	0	1	0	12	16	312.500000ns
178	973	0	0	1	0	2	13	60.156250ns
179	979	0	0	1	0	15	1	375.781250ns
180	982	0	0	1	0	19	13	485.156250ns
181	983	0	0	1	0	9	18	239.062500ns
182	991	0	0	1	0	21	31	549.218750ns
183	994	0	0	1	0	5	9	132.031250ns
184	1004	0	0	1	0	19	3	477.343750ns
185	1016	0	0	1	0	20	30	523.437500ns
186	1018	0	0	1	0	22	6	554.687500ns
187	1021	0	0	1	0	5	1	125.781250ns
188	1022	0	0	1	0	0	31	24.218750ns
189	1024	0	0	1	0	1	2	26.562500ns
190	1032	0	0	1	0	2	13	60.156250ns
191	1033	0	0	1	0	23	23	592.968750ns
192	1036	0	0	1	0	3	6	79.687500ns
193	1037	0	0	1	0	17	23	442.968750ns
194	1044	0	0	1	0	10	12	259.375000ns
195	1045	0	0	1	0	28	5	703.906250ns
196	1046	0	0	1	0	20	9	507.031250ns
197	1047	0	0	1	0	28	10	707.812500ns
198	1048	0	0	1	0	7	9	182.031250ns
199	1050	0	0	1	0	19	8	481.250000ns
200	1057	0	0	1	0	30	31	774.218750ns
201	1061	0	0	1	0	31	25	794.531250ns
202	1066	0	0	1	0	26	18	664.062500ns
203	1070	0	0	1	0	9	4	228.125000ns
204	1071	0	0	1	0	7	13	185.156250ns
205	1072	0	0	1	0	27	30	698.437500ns
206	1080	0	0	1	0	5	27	146.093750ns
207	1081	0	0	1	0	8	17	213.281250ns
208	1082	0	0	1	0	9	11	233.593750ns
209	1085	0	0	1	0	29	14	735.937500ns
210	1092	0	0	1	0	9	4	228.125000ns
211	1093	0	0	1	0	10	3	252.343750ns
212	1095	0	0	1	0	29	28	746.875000ns
213	1097	0	0	1	0	3	25	94.531250ns
214	1100	0	0	1	0	7	9	182.031250ns
215	1102	0	0	1	0	27	14	685.937500ns
216	1103	0	0	1	0	22	6	554.687500ns
217	1108	0	0	1	0	6	1	150.781250ns
218	1111	0	0	1	0	16	10	407.812500ns
219	1112	0	0	1	0	14	7	355.468750ns
220	1114	0	0	1	0	31	10	782.812500ns
221	1116	0	0	1	0	22	23	567.968750ns
222	1117	0	0	1	0	31	26	795.312500ns
223	1118	0	0	1	0	31	17	788.281250ns
224	1119	0	0	1	0	30	7	755.468750ns
225	1122	0	0	1	0	22	12	559.375000ns
226	1124	0	0	1	0	15	14	385.937500ns
227	1128	0	0	1	0	10	2	251.562500ns
228	1129	0	0	1	0	2	7	55.468750ns
229	1130	0	0	1	0	22	27	571.093750ns
230	1132	0	0	1	0	19	28	496.875000ns
231	1133	0	0	1	0	13	25	344.531250ns
232	1134	0	0	1	0	0	26	20.312500ns
233	1136	0	0	1	0	25	15	636.718750ns
234	1138	0	0	1	0	11	10	282.812500ns
235	1141	0	0	1	0	0	24	18.750000ns
236	1143	0	0	1	0	21	15	536.718750ns
237	1145	0	0	1	0	10	1	250.781250ns
238	1146	0	0	1	0	17	19	439.843750ns
239	1147	0	0	1	0	28	28	721.875000ns
240	1148	0	0	1	0	23	23	592.968750ns
241	1149	0	0	1	0	5	21	141.406250ns
242	1150	0	0	1	0	13	3	327.343750ns
243	1157	0	0	1	0	31	10	782.812500ns
244	1163	0	0	1	0	25	5	628.906250ns
245	1167	0	0	1	0	20	20	515.625000ns
246	1173	0	0	1	0	8	16	212.500000ns
247	1178	0	0	1	0	27	11	683.593750ns
248	1179	0	0	1	0	28	6	704.687500ns
249	1182	0	0	1	0	17	7	430.468750ns
250	1183	0	0	1	0	29	25	744.531250ns
251	1184	0	0	1	0	12	25	319.531250ns
252	1186	0	0	1	0	28	6	704.687500ns
253	1187	0	0	1	0	0	7	5.468750ns
254	1190	0	0	1	0	10	6	254.687500ns
255	1200	0	0	1	0	19	6	479.687500ns
256	1201	0	0	1	0	20	0	500.000000ns
257	1203	0	0	1	0	22	6	554.687500ns
258	1204	0	0	1	0	16	4	403.125000ns
259	1205	0	0	1	0	1	12	34.375000ns
260	1208	0	0	1	0	29	18	739.062500ns
261	1212	0	0	1	0	31	14	785.937500ns
262	1215	0	0	1	0	13	31	349.218750ns
263	1216	0	0	1	0	31	6	779.687500ns
264	1217	0	0	1	0	22	8	556.250000ns
265	1218	0	0	1	0	16	20	415.625000ns
266	1222	0	0	1	0	30	18	764.062500ns
267	1224	0	0	1	0	14	5	353.906250ns
268	1225	0	0	1	0	13	13	335.156250ns
269	1226	0	0	1	0	27	4	678.125000ns
270	1231	0	0	1	0	26	9	657.031250ns
271	1232	0	0	1	0	14	21	366.406250ns
272	1236	0	0	1	0	2	3	52.343750ns
273	1237	0	0	1	0	5	3	127.343750ns
274	1238	0	0	1	0	15	21	391.406250ns
275	1240	0	0	1	0	0	11	8.593750ns
276	1241	0	0	1	0	29	14	735.937500ns
277	1242	0	0	1	0	25	24	643.750000ns
278	1244	0	0	1	0	9	14	235.937500ns
279	1246	0	0	1	0	27	27	696.093750ns
280	1248	0	0	1	0	31	4	778.125000ns
281	1250	0	0	1	0	19	13	485.156250ns
282	1253	0	0	1	0	23	11	583.593750ns
283	1254	0	0	1	0	27	14	685.937500ns
284	1255	0	0	1	0	22	7	555.468750ns
285	1256	0	0	1	0	18	1	450.781250ns
286	1258	0	0	1	0	8	20	215.625000ns
287	1260	0	0	1	0	20	23	517.968750ns
288	1261	0	0	1	0	11	1	275.781250ns
289	1262	0	0	1	0	21	9	532.031250ns
290	1263	0	0	1	0	14	5	353.906250ns
291	1264	0	0	1	0	11	29	297.656250ns
292	1265	0	0	1	0	19	10	482.812500ns
293	1274	0	0	1	0	11	31	299.218750ns
294	1276	0	0	1	0	24	7	605.468750ns
295	1279	0	0	1	0	7	10	182.812500ns
296	1281	0	0	1	0	10	1	250.781250ns
297	1282	0	0	1	0	29	20	740.625000ns
298	1283	0	0	1	0	10	1	250.781250ns
299	1284	0	0	1	0	2	0	50.000000ns
300	1287	0	0	1	0	22	5	553.906250ns
301	1288	0	0	1	0	20	3	502.343750ns
302	1289	0	0	1	0	29	21	741.406250ns
303	1291	0	0	1	0	13	30	348.437500ns
304	1294	0	0	1	0	25	26	645.312500ns
305	1296	0	0	1	0	2	28	71.875000ns
306	1298	0	0	1	0	1	10	32.812500ns
307	1299	0	0	1	0	19	20	490.625000ns
308	1301	0	0	1	0	22	25	569.531250ns
309	1302	0	0	1	0	3	5	78.906250ns
310	1303	0	0	1	0	9	23	242.968750ns
311	1304	0	0	1	0	16	28	421.875000ns
312	1306	0	0	1	0	22	6	554.687500ns
313	1307	0	0	1	0	0	9	7.031250ns
314	1310	0	0	1	0	2	4	53.125000ns
315	1311	0	0	1	0	29	7	730.468750ns
316	1314	0	0	1	0	18	3	452.343750ns
317	1317	0	0	1	0	13	13	335.156250ns
318	1319	0	0	1	0	22	26	570.312500ns
319	1320	0	0	1	0	14	2	351.562500ns
320	1321	0	0	1	0	28	13	710.156250ns
321	1322	0	0	1	0	22	4	553.125000ns
322	1323	0	0	1	0	20	9	507.031250ns
323	1326	0	0	1	0	5	17	138.281250ns
324	1327	0	0	1	0	19	17	488.281250ns
325	1330	0	0	1	0	26	3	652.343750ns
326	1331	0	0	1	0	20	12	509.375000ns
327	1332	0	0	1	0	18	20	465.625000ns
328	1333	0	0	1	0	19	2	476.562500ns
329	1335	0	0	1	0	17	29	447.656250ns
330	1339	0	0	1	0	3	13	85.156250ns
331	1342	0	0	1	0	25	21	641.406250ns
332	1344	0	0	1	0	30	17	763.281250ns
333	1345	0	0	1	0	23	19	589.843750ns
334	1346	0	0	1	0	20	15	511.718750ns
335	1347	0	0	1	0	19	14	485.937500ns
336	1348	0	0	1	0	28	7	705.468750ns
337	1349	0	0	1	0	20	31	524.218750ns
338	1350	0	0	1	0	24	18	614.062500ns
339	1352	0	0	1	0	27	2	676.562500ns
340	1353	0	0	1	0	2	13	60.156250ns
341	1355	0	0	1	0	11	6	279.687500ns
342	1356	0	0	1	0	10	23	267.968750ns
343	1357	0	0	1	0	26	20	665.625000ns
344	1358	0	0	1	0	18	31	474.218750ns
345	1359	0	0	1	0	20	2	501.562500ns
346	1360	0	0	1	0	19	1	475.781250ns
347	1361	0	0	1	0	3	31	99.218750ns
348	1362	0	0	1	0	27	7	680.468750ns
349	1363	0	0	1	0	8	18	214.062500ns
350	1364	0	0	1	0	23	15	586.718750ns
351	1366	0	0	1	0	9	14	235.937500ns
352	1368	0	0	1	0	3	9	82.031250ns
353	1369	0	0	1	0	28	12	709.375000ns
354	1370	0	0	1	0	0	31	24.218750ns
355	1375	0	0	1	0	29	9	732.031250ns
356	1378	0	0	1	0	4	9	107.031250ns
357	1381	0	0	1	0	10	30	273.437500ns
358	1383	0	0	1	0	0	16	12.500000ns
359	1385	0	0	1	0	23	13	585.156250ns
360	1386	0	0	1	0	12	18	314.062500ns
361	1388	0	0	1	0	29	5	728.906250ns
362	1389	0	0	1	0	22	28	571.875000ns
363	1390	0	0	1	0	3	28	96.875000ns
364	1392	0	0	1	0	21	7	530.468750ns
365	1394	0	0	1	0	14	26	370.312500ns
366	1396	0	0	1	0	20	3	502.343750ns
367	1400	0	0	1	0	0	17	13.281250ns
368	1403	0	0	1	0	2	28	71.875000ns
369	1404	0	0	1	0	8	29	222.656250ns
370	1405	0	0	1	0	21	11	533.593750ns
371	1406	0	0	1	0	10	4	253.125000ns
372	1408	0	0	1	0	7	31	199.218750ns
373	1409	0	0	1	0	2	1	50.781250ns
374	1410	0	0	1	0	21	0	525.000000ns
375	1411	0	0	1	0	25	2	626.562500ns
376	1412	0	0	1	0	22	24	568.750000ns
377	1413	0	0	1	0	1	12	34.375000ns
378	1414	0	0	1	0	29	3	727.343750ns
379	1415	0	0	1	0	3	5	78.906250ns
380	1416	0	0	1	0	4	31	124.218750ns
381	1417	0	0	1	0	9	9	232.031250ns
382	1418	0	0	1	0	6	13	160.156250ns
383	1419	0	0	1	0	12	19	314.843750ns
384	1421	0	0	1	0	31	26	795.312500ns
385	1427	0	0	1	0	27	19	689.843750ns
386	1429	0	0	1	0	27	30	698.437500ns
387	1430	0	0	1	0	0	5	3.906250ns
388	1431	0	0	1	0	29	11	733.593750ns
389	1433	0	0	1	0	14	11	358.593750ns
390	1434	0	0	1	0	1	3	27.343750ns
391	1435	0	0	1	0	26	1	650.781250ns
392	1436	0	0	1	0	9	5	228.906250ns
393	1437	0	0	1	0	16	9	407.031250ns
394	1439	0	0	1	0	7	26	195.312500ns
395	1440	0	0	1	0	28	3	702.343750ns
396	1443	0	0	1	0	7	29	197.656250ns
397	1444	0	0	1	0	15	18	389.062500ns
398	1445	0	0	1	0	1	2	26.562500ns
399	1446	0	0	1	0	20	3	502.343750ns
400	1448	0	0	1	0	11	11	283.593750ns
401	1449	0	0	1	0	30	12	759.375000ns
402	1451	0	0	1	0	2	0	50.000000ns
403	1452	0	0	1	0	15	12	384.375000ns
404	1453	0	0	1	0	27	27	696.093750ns
405	1454	0	0	1	0	4	12	109.375000ns
406	1456	0	0	1	0	8	8	206.250000ns
407	1457	0	0	1	0	22	12	559.375000ns
408	1458	0	0	1	0	11	10	282.812500ns
409	1462	0	0	1	0	7	22	192.187500ns
410	1463	0	0	1	0	6	11	158.593750ns
411	1464	0	0	1	0	24	29	622.656250ns
412	1466	0	0	1	0	16	12	409.375000ns
413	1467	0	0	1	0	30	3	752.343750ns
414	1469	0	0	1	0	5	25	144.531250ns
415	1470	0	0	1	0	15	14	385.937500ns
416	1471	0	0	1	0	12	18	314.062500ns
417	1472	0	0	1	0	8	10	207.812500ns
418	1473	0	0	1	0	17	24	443.750000ns
419	1474	0	0	1	0	24	25	619.531250ns
420	1475	0	0	1	0	27	16	687.500000ns
421	1476	0	0	1	0	5	19	139.843750ns
422	1477	0	0	1	0	29	7	730.468750ns
423	1478	0	0	1	0	12	4	303.125000ns
424	1479	0	0	1	0	5	14	135.937500ns
425	1480	0	0	1	0	21	20	540.625000ns
426	1481	0	0	1	0	10	9	257.031250ns
427	1483	0	0	1	0	10	13	260.156250ns
428	1485	0	0	1	0	5	10	132.812500ns
429	1486	0	0	1	0	9	26	245.312500ns
430	1487	0	0	1	0	4	13	110.156250ns
431	1488	0	0	1	0	23	30	598.437500ns
432	1489	0	0	1	0	15	4	378.125000ns
433	1490	0	0	1	0	20	13	510.156250ns
434	1491	0	0	1	0	22	3	552.343750ns
435	1492	0	0	1	0	23	24	593.750000ns
436	1493	0	0	1	0	25	10	632.812500ns
437	1495	0	0	1	0	13	26	345.312500ns
438	1496	0	0	1	0	13	10	332.812500ns
439	1497	0	0	1	0	26	5	653.906250ns
440	1498	0	0	1	0	7	2	176.562500ns
441	1499	0	0	1	0	6	15	161.718750ns
442	1502	0	0	1	0	23	5	578.906250ns
443	1503	0	0	1	0	24	16	612.500000ns
444	1504	0	0	1	0	1	28	46.875000ns
445	1505	0	0	1	0	27	12	684.375000ns
446	1506	0	0	1	0	28	17	713.281250ns
447	1508	0	0	1	0	6	28	171.875000ns
448	1509	0	0	1	0	4	14	110.937500ns
449	1510	0	0	1	0	13	6	329.687500ns
450	1511	0	0	1	0	14	24	368.750000ns
451	1512	0	0	1	0	12	8	306.250000ns
452	1514	0	0	1	0	19	10	482.812500ns
453	1515	0	0	1	0	5	10	132.812500ns
454	1516	0	0	1	0	21	22	542.187500ns
455	1517	0	0	1	0	8	13	210.156250ns
456	1518	0	0	1	0	0	24	18.750000ns
457	1519	0	0	1	0	6	27	171.093750ns
458	1520	0	0	1	0	30	4	753.125000ns
459	1521	0	0	1	0	27	3	677.343750ns
460	1522	0	0	1	0	7	20	190.625000ns
461	1523	0	0	1	0	4	7	105.468750ns
462	1524	0	0	1	0	20	27	521.093750ns
463	1525	0	0	1	0	18	10	457.812500ns
464	1526	0	0	1	0	19	25	494.531250ns
465	1527	0	0	1	0	0	11	8.593750ns
466	1528	0	0	1	0	11	23	292.968750ns
467	1529	0	0	1	0	29	12	734.375000ns
468	1530	0	0	1	0	5	27	146.093750ns
469	1531	0	0	1	0	23	5	578.906250ns
470	1532	0	0	1	0	22	10	557.812500ns
471	1533	0	0	1	0	13	20	340.625000ns
472	1534	0	0	1	0	23	25	594.531250ns
473	1535	0	0	1	0	31	23	792.968750ns
474	1536	0	0	1	0	0	12	9.375000ns
475	1537	0	0	1	0	29	6	729.687500ns
476	1538	0	0	1	0	8	4	203.125000ns
477	1539	0	0	1	0	29	9	732.031250ns
478	1540	0	0	1	0	13	12	334.375000ns
479	1541	0	0	1	0	21	11	533.593750ns
480	1542	0	0	1	0	4	7	105.468750ns
481	1543	0	0	1	0	25	11	633.593750ns
482	1546	0	0	1	0	22	20	565.625000ns
483	1547	0	0	1	0	8	12	209.375000ns
484	1548	0	0	1	0	0	22	17.187500ns
485	1549	0	0	1	0	18	20	465.625000ns
486	1550	0	0	1	0	22	25	569.531250ns
487	1551	0	0	1	0	0	10	7.812500ns
488	1552	0	0	1	0	1	2	26.562500ns
489	1553	0	0	1	0	31	6	779.687500ns
490	1554	0	0	1	0	6	8	156.250000ns
491	1555	0	0	1	0	14	9	357.031250ns
492	1556	0	0	1	0	11	20	290.625000ns
493	1557	0	0	1	0	5	13	135.156250ns
494	1560	0	0	1	0	26	14	660.937500ns
495	1561	0	0	1	0	28	4	703.125000ns
496	1562	0	0	1	0	22	24	568.750000ns
497	1563	0	0	1	0	21	11	533.593750ns
498	1564	0	0	1	0	1	31	49.218750ns
499	1565	0	0	1	0	18	6	454.687500ns
500	1568	0	0	1	0	10	11	258.593750ns
501	1569	0	0	1	0	7	29	197.656250ns
502	1571	0	0	1	0	26	25	669.531250ns
503	1572	0	0	1	0	4	15	111.718750ns
504	1575	0	0	1	0	12	16	312.500000ns
505	1576	0	0	1	0	12	5	303.906250ns
506	1578	0	0	1	0	15	23	392.968750ns
507	1579	0	0	1	0	18	29	472.656250ns
508	1580	0	0	1	0	6	12	159.375000ns
509	1581	0	0	1	0	30	7	755.468750ns
510	1582	0	0	1	0	8	16	212.500000ns
511	1584	0	0	1	0	24	27	621.093750ns
512	1585	0	0	1	0	5	13	135.156250ns
513	1586	0	0	1	0	6	27	171.093750ns
514	1587	0	0	1	0	16	9	407.031250ns
515	1588	0	0	1	0	1	9	32.031250ns
516	1589	0	0	1	0	24	4	603.125000ns
517	1591	0	0	1	0	19	9	482.031250ns
518	1592	0	0	1	0	3	3	77.343750ns
519	1593	0	0	1	0	31	9	782.031250ns
520	1594	0	0	1	0	0	17	13.281250ns
521	1596	0	0	1	0	29	4	728.125000ns
522	1597	0	0	1	0	30	11	758.593750ns
523	1598	0	0	1	0	25	0	625.000000ns
524	1599	0	0	1	0	10	0	250.000000ns
525	1600	0	0	1	0	2	9	57.031250ns
526	1601	0	0	1	0	1	4	28.125000ns
527	1602	0	0	1	0	19	12	484.375000ns
528	1603	0	0	1	0	3	17	88.281250ns
529	1604	0	0	1	0	17	7	430.468750ns
530	1605	0	0	1	0	12	2	301.562500ns
531	1607	0	0	1	0	16	7	405.468750ns
532	1608	0	0	1	0	18	31	474.218750ns
533	1610	0	0	1	0	3	8	81.250000ns
534	1611	0	0	1	0	23	5	578.906250ns
535	1612	0	0	1	0	1	11	33.593750ns
536	1613	0	0	1	0	10	8	256.250000ns
537	1614	0	0	1	0	17	21	441.406250ns
538	1615	0	0	1	0	5	26	145.312500ns
539	1616	0	0	1	0	20	17	513.281250ns
540	1617	0	0	1	0	19	0	475.000000ns
541	1618	0	0	1	0	27	6	679.687500ns
542	1619	0	0	1	0	20	31	524.218750ns
543	1620	0	0	1	0	3	15	86.718750ns
544	1621	0	0	1	0	5	25	144.531250ns
545	1622	0	0	1	0	18	26	470.312500ns
546	1623	0	0	1	0	26	28	671.875000ns
547	1624	0	0	1	0	6	13	160.156250ns
548	1626	0	0	1	0	25	4	628.125000ns
549	1627	0	0	1	0	27	1	675.781250ns
550	1628	0	0	1	0	7	19	189.843750ns
551	1629	0	0	1	0	30	0	750.000000ns
552	1630	0	0	1	0	14	13	360.156250ns
553	1632	0	0	1	0	28	4	703.125000ns
554	1633	0	0	1	0	27	30	698.437500ns
555	1635	0	0	1	0	5	6	129.687500ns
556	1636	0	0	1	0	0	20	15.625000ns
557	1637	0	0	1	0	21	12	534.375000ns
558	1639	0	0	1	0	24	22	617.187500ns
559	1640	0	0	1	0	29	7	730.468750ns
560	1641	0	0	1	0	19	2	476.562500ns
561	1642	0	0	1	0	2	15	61.718750ns
562	1643	0	0	1	0	7	0	175.000000ns
563	1644	0	0	1	0	11	13	285.156250ns
564	1645	0	0	1	0	8	3	202.343750ns
565	1646	0	0	1	0	26	6	654.687500ns
566	1647	0	0	1	0	3	7	80.468750ns
567	1648	0	0	1	0	30	20	765.625000ns
568	1649	0	0	1	0	4	14	110.937500ns
569	1650	0	0	1	0	8	30	223.437500ns
570	1651	0	0	1	0	26	10	657.812500ns
571	1652	0	0	1	0	10	5	253.906250ns
572	1653	0	0	1	0	22	7	555.468750ns
573	1654	0	0	1	0	15	30	398.437500ns
574	1655	0	0	1	0	3	4	78.125000ns
575	1656	0	0	1	0	7	6	179.687500ns
576	1657	0	0	1	0	4	10	107.812500ns
577	1658	0	0	1	0	5	28	146.875000ns
578	1659	0	0	1	0	16	30	423.437500ns
579	1660	0	0	1	0	14	1	350.781250ns
580	1661	0	0	1	0	29	31	749.218750ns
581	1663	0	0	1	0	1	10	32.812500ns
582	1664	0	0	1	0	29	8	731.250000ns
583	1665	0	0	1	0	13	9	332.031250ns
584	1666	0	0	1	0	22	19	564.843750ns
585	1667	0	0	1	0	24	10	607.812500ns
586	1668	0	0	1	0	24	24	618.750000ns
587	1669	0	0	1	0	31	11	783.593750ns
588	1670	0	0	1	0	17	11	433.593750ns
589	1671	0	0	1	0	8	12	209.375000ns
590	1672	0	0	1	0	2	23	67.968750ns
591	1673	0	0	1	0	4	20	115.625000ns
592	1674	0	0	1	0	23	18	589.062500ns
593	1676	0	0	1	0	15	7	380.468750ns
594	1677	0	0	1	0	31	27	796.093750ns
595	1678	0	0	1	0	12	26	320.312500ns
596	1679	0	0	1	0	8	26	220.312500ns
597	1681	0	0	1	0	11	0	275.000000ns
598	1682	0	0	1	0	26	22	667.187500ns
599	1683	0	0	1	0	31	13	785.156250ns
600	1685	0	0	1	0	16	8	406.250000ns
601	1686	0	0	1	0	29	11	733.593750ns
602	1687	0	0	1	0	17	6	429.687500ns
603	1688	0	0	1	0	23	7	580.468750ns
604	1689	0	0	1	0	19	26	495.312500ns
605	1690	0	0	1	0	11	16	287.500000ns
606	1691	0	0	1	0	8	18	214.062500ns
607	1692	0	0	1	0	14	4	353.125000ns
608	1693	0	0	1	0	18	0	450.000000ns
609	1694	0	0	1	0	12	25	319.531250ns
610	1695	0	0	1	0	16	11	408.593750ns
611	1696	0	0	1	0	25	12	634.375000ns
612	1697	0	0	1	0	10	3	252.343750ns
613	1699	0	0	1	0	0	31	24.218750ns
614	1701	0	0	1	0	10	1	250.781250ns
615	1702	0	0	1	0	19	4	478.125000ns
616	1703	0	0	1	0	8	27	221.093750ns
617	1704	0	0	1	0	17	6	429.687500ns
618	1705	0	0	1	0	6	27	171.093750ns
619	1706	0	0	1	0	18	20	465.625000ns
620	1707	0	0	1	0	31	9	782.031250ns
621	1709	0	0	1	0	24	21	616.406250ns
622	1710	0	0	1	0	31	17	788.281250ns
623	1711	0	0	1	0	18	18	464.062500ns
624	1712	0	0	1	0	19	13	485.156250ns
625	1715	0	0	1	0	25	2	626.562500ns
626	1717	0	0	1	0	10	27	271.093750ns
627	1718	0	0	1	0	0	28	21.875000ns
628	1719	0	0	1	0	7	15	186.718750ns
629	1720	0	0	1	0	27	7	680.468750ns
630	1721	0	0	1	0	30	7	755.468750ns
631	1722	0	0	1	0	24	16	612.500000ns
632	1725	0	0	1	0	3	8	81.250000ns
633	1726	0	0	1	0	17	5	428.906250ns
634	1727	0	0	1	0	21	3	527.343750ns
635	1729	0	0	1	0	20	26	520.312500ns
636	1730	0	0	1	0	15	29	397.656250ns
637	1731	0	0	1	0	0	13	10.156250ns
638	1732	0	0	1	0	24	5	603.906250ns
639	1733	0	0	1	0	0	6	4.687500ns
640	1734	0	0	1	0	17	11	433.593750ns
641	1736	0	0	1	0	6	25	169.531250ns
642	1739	0	0	1	0	18	9	457.031250ns
643	1742	0	0	1	0	23	17	588.281250ns
644	1743	0	0	1	0	16	10	407.812500ns
645	1744	0	0	1	0	3	5	78.906250ns
646	1745	0	0	1	0	15	12	384.375000ns
647	1746	0	0	1	0	2	8	56.250000ns
648	1747	0	0	1	0	15	22	392.187500ns
649	1749	0	0	1	0	25	3	627.343750ns
650	1750	0	0	1	0	10	4	253.125000ns
651	1751	0	0	1	0	9	27	246.093750ns
652	1752	0	0	1	0	16	23	417.968750ns
653	1753	0	0	1	0	28	15	711.718750ns
654	1754	0	0	1	0	30	6	754.687500ns
655	1755	0	0	1	0	7	12	184.375000ns
656	1756	0	0	1	0	28	10	707.812500ns
657	1757	0	0	1	0	18	5	453.906250ns
658	1758	0	0	1	0	27	8	681.250000ns
659	1759	0	0	1	0	14	9	357.031250ns
660	1760	0	0	1	0	11	21	291.406250ns
661	1761	0	0	1	0	19	30	498.437500ns
662	1762	0	0	1	0	10	11	258.593750ns
663	1763	0	0	1	0	25	2	626.562500ns
664	1764	0	0	1	0	4	6	104.687500ns
665	1765	0	0	1	0	24	2	601.562500ns
666	1766	0	0	1	0	12	3	302.343750ns
667	1767	0	0	1	0	11	1	275.781250ns
668	1768	0	0	1	0	7	10	182.812500ns
669	1770	0	0	1	0	1	13	35.156250ns
670	1771	0	0	1	0	6	15	161.718750ns
671	1772	0	0	1	0	20	1	500.781250ns
672	1773	0	0	1	0	21	29	547.656250ns
673	1774	0	0	1	0	17	16	437.500000ns
674	1776	0	0	1	0	3	9	82.031250ns
675	1778	0	0	1	0	8	30	223.437500ns
676	1779	0	0	1	0	23	21	591.406250ns
677	1780	0	0	1	0	22	30	573.437500ns
678	1781	0	0	1	0	21	8	531.250000ns
679	1782	0	0	1	0	15	27	396.093750ns
680	1783	0	0	1	0	12	7	305.468750ns
681	1784	0	0	1	0	15	6	379.687500ns
682	1785	0	0	1	0	25	21	641.406250ns
683	1787	0	0	1	0	9	26	245.312500ns
684	1788	0	0	1	0	24	11	608.593750ns
685	1789	0	0	1	0	14	30	373.437500ns
686	1790	0	0	1	0	6	26	170.312500ns
687	1791	0	0	1	0	26	6	654.687500ns
688	1792	0	0	1	0	29	18	739.062500ns
689	1793	0	0	1	0	19	6	479.687500ns
690	1794	0	0	1	0	23	7	580.468750ns
691	1796	0	0	1	0	1	24	43.750000ns
692	1797	0	0	1	0	13	21	341.406250ns
693	1798	0	0	1	0	9	15	236.718750ns
694	1799	0	0	1	0	3	3	77.343750ns
695	1800	0	0	1	0	17	31	449.218750ns
696	1801	0	0	1	0	4	2	101.562500ns
697	1802	0	0	1	0	24	7	605.468750ns
698	1803	0	0	1	0	27	31	699.218750ns
699	1804	0	0	1	0	6	10	157.812500ns
700	1805	0	0	1	0	16	19	414.843750ns
701	1806	0	0	1	0	5	0	125.000000ns
702	1808	0	0	1	0	30	12	759.375000ns
703	1809	0	0	1	0	8	3	202.343750ns
704	1810	0	0	1	0	10	10	257.812500ns
705	1811	0	0	1	0	21	7	530.468750ns
706	1812	0	0	1	0	28	16	712.500000ns
707	1813	0	0	1	0	0	2	1.562500ns
708	1814	0	0	1	0	20	7	505.468750ns
709	1816	0	0	1	0	25	29	647.656250ns
710	1817	0	0	1	0	13	7	330.468750ns
711	1818	0	0	1	0	29	22	742.187500ns
712	1819	0	0	1	0	9	18	239.062500ns
713	1820	0	0	1	0	20	0	500.000000ns
714	1821	0	0	1	0	14	27	371.093750ns
715	1822	0	0	1	0	19	5	478.906250ns
716	1823	0	0	1	0	31	15	786.718750ns
717	1825	0	0	1	0	6	4	153.125000ns
718	1826	0	0	1	0	13	0	325.000000ns
719	1827	0	0	1	0	29	25	744.531250ns
720	1828	0	0	1	0	30	12	759.375000ns
721	1829	0	0	1	0	25	13	635.156250ns
722	1830	0	0	1	0	5	17	138.281250ns
723	1831	0	0	1	0	12	7	305.468750ns
724	1832	0	0	1	0	16	10	407.812500ns
725	1834	0	0	1	0	1	19	39.843750ns
726	1835	0	0	1	0	22	1	550.781250ns
727	1836	0	0	1	0	26	12	659.375000ns
728	1837	0	0	1	0	8	6	204.687500ns
729	1838	0	0	1	0	22	5	553.906250ns
730	1839	0	0	1	0	1	13	35.156250ns
731	1840	0	0	1	0	4	13	110.156250ns
732	1841	0	0	1	0	18	29	472.656250ns
733	1842	0	0	1	0	13	14	335.937500ns
734	1843	0	0	1	0	31	14	785.937500ns
735	1844	0	0	1	0	3	11	83.593750ns
736	1846	0	0	1	0	26	4	653.125000ns
737	1847	0	0	1	0	10	25	269.531250ns
738	1848	0	0	1	0	1	11	33.593750ns
739	1849	0	0	1	0	8	30	223.437500ns
740	1850	0	0	1	0	9	15	236.718750ns
741	1852	0	0	1	0	15	24	393.750000ns
742	1853	0	0	1	0	10	3	252.343750ns
743	1854	0	0	1	0	21	31	549.218750ns
744	1855	0	0	1	0	9	11	233.593750ns
745	1856	0	0	1	0	6	6	154.687500ns
746	1857	0	0	1	0	26	29	672.656250ns
747	1858	0	0	1	0	14	12	359.375000ns
748	1859	0	0	1	0	12	14	310.937500ns
749	1860	0	0	1	0	4	4	103.125000ns
750	1861	0	0	1	0	27	10	682.812500ns
751	1862	0	0	1	0	26	29	672.656250ns
752	1863	0	0	1	0	9	2	226.562500ns
753	1864	0	0	1	0	31	28	796.875000ns
754	1865	0	0	1	0	11	5	278.906250ns
755	1866	0	0	1	0	8	8	206.250000ns
756	1867	0	0	1	0	28	4	703.125000ns
757	1868	0	0	1	0	0	12	9.375000ns
758	1869	0	0	1	0	7	21	191.406250ns
759	1870	0	0	1	0	27	0	675.000000ns
760	1871	0	0	1	0	28	9	707.031250ns
761	1872	0	0	1	0	23	23	592.968750ns
762	1873	0	0	1	0	24	7	605.468750ns
763	1874	0	0	1	0	27	30	698.437500ns
764	1875	0	0	1	0	18	9	457.031250ns
765	1876	0	0	1	0	8	8	206.250000ns
766	1877	0	0	1	0	12	8	306.250000ns
767	1879	0	0	1	0	22	4	553.125000ns
768	1880	0	0	1	0	11	16	287.500000ns
769	1881	0	0	1	0	22	23	567.968750ns
770	1883	0	0	1	0	29	21	741.406250ns
771	1884	0	0	1	0	9	7	230.468750ns
772	1885	0	0	1	0	4	16	112.500000ns
773	1886	0	0	1	0	0	30	23.437500ns
774	1887	0	0	1	0	24	9	607.031250ns
775	1888	0	0	1	0	29	1	725.781250ns
776	1889	0	0	1	0	3	2	76.562500ns
777	1890	0	0	1	0	20	5	503.906250ns
778	1891	0	0	1	0	9	15	236.718750ns
779	1892	0	0	1	0	29	19	739.843750ns
780	1893	0	0	1	0	20	23	517.968750ns
781	1894	0	0	1	0	19	1	475.781250ns
782	1895	0	0	1	0	19	24	493.750000ns
783	1897	0	0	1	0	2	23	67.968750ns
784	1898	0	0	1	0	27	11	683.593750ns
785	1899	0	0	1	0	18	1	450.781250ns
786	1900	0	0	1	0	10	0	250.000000ns
787	1901	0	0	1	0	18	16	462.500000ns
788	1902	0	0	1	0	30	27	771.093750ns
789	1903	0	0	1	0	5	5	128.906250ns
790	1906	0	0	1	0	30	24	768.750000ns
791	1908	0	0	1	0	2	3	52.343750ns
792	1909	0	0	1	0	10	30	273.437500ns
793	1910	0	0	1	0	15	1	375.781250ns
794	1912	0	0	1	0	2	7	55.468750ns
795	1913	0	0	1	0	10	27	271.093750ns
796	1914	0	0	1	0	8	30	223.437500ns
797	1915	0	0	1	0	21	15	536.718750ns
798	1916	0	0	1	0	11	7	280.468750ns
799	1917	0	0	1	0	5	8	131.250000ns
800	1918	0	0	1	0	20	29	522.656250ns
801	1919	0	0	1	0	12	0	300.000000ns
802	1920	0	0	1	0	22	30	573.437500ns
803	1921	0	0	1	0	16	30	423.437500ns
804	1922	0	0	1	0	12	9	307.031250ns
805	1924	0	0	1	0	30	28	771.875000ns
806	1927	0	0	1	0	8	16	212.500000ns
807	1928	0	0	1	0	24	20	615.625000ns
808	1929	0	0	1	0	17	6	429.687500ns
809	1930	0	0	1	0	4	29	122.656250ns
810	1932	0	0	1	0	1	11	33.593750ns
811	1934	0	0	1	0	20	13	510.156250ns
812	1935	0	0	1	0	18	9	457.031250ns
813	1936	0	0	1	0	4	4	103.125000ns
814	1937	0	0	1	0	22	23	567.968750ns
815	1939	0	0	1	0	8	3	202.343750ns
816	1940	0	0	1	0	24	12	609.375000ns
817	1941	0	0	1	0	22	24	568.750000ns
818	1942	0	0	1	0	22	7	555.468750ns
819	1943	0	0	1	0	23	19	589.843750ns
820	1944	0	0	1	0	31	11	783.593750ns
821	1945	0	0	1	0	23	13	585.156250ns
822	1947	0	0	1	0	0	10	7.812500ns
823	1949	0	0	1	0	29	31	749.218750ns
824	1951	0	0	1	0	24	5	603.906250ns
825	1952	0	0	1	0	19	6	479.687500ns
826	1954	0	0	1	0	4	3	102.343750ns
827	1955	0	0	1	0	26	6	654.687500ns
828	1956	0	0	1	0	7	26	195.312500ns
829	1957	0	0	1	0	13	13	335.156250ns
830	1958	0	0	1	0	29	1	725.781250ns
831	1959	0	0	1	0	0	10	7.812500ns
832	1960	0	0	1	0	6	26	170.312500ns
833	1961	0	0	1	0	3	6	79.687500ns
834	1962	0	0	1	0	14	7	355.468750ns
835	1963	0	0	1	0	14	16	362.500000ns
836	1964	0	0	1	0	16	16	412.500000ns
837	1965	0	0	1	0	5	23	142.968750ns
838	1967	0	0	1	0	7	1	175.781250ns
839	1968	0	0	1	0	31	28	796.875000ns
840	1969	0	0	1	0	3	1	75.781250ns
841	1970	0	0	1	0	28	27	721.093750ns
842	1973	0	0	1	0	13	7	330.468750ns
843	1977	0	0	1	0	23	0	575.000000ns
844	1978	0	0	1	0	23	2	576.562500ns
845	1979	0	0	1	0	20	1	500.781250ns
846	1981	0	0	1	0	16	29	422.656250ns
847	1982	0	0	1	0	4	8	106.250000ns
848	1984	0	0	1	0	27	7	680.468750ns
849	1986	0	0	1	0	28	27	721.093750ns
850	1987	0	0	1	0	18	7	455.468750ns
851	1988	0	0	1	0	28	12	709.375000ns
852	1989	0	0	1	0	26	12	659.375000ns
853	1990	0	0	1	0	5	16	137.500000ns
854	1991	0	0	1	0	10	24	268.750000ns
855	1992	0	0	1	0	24	5	603.906250ns
856	1995	0	0	1	0	27	24	693.750000ns
857	1996	0	0	1	0	31	3	777.343750ns
858	1998	0	0	1	0	15	3	377.343750ns
859	1999	0	0	1	0	5	31	149.218750ns
860	2001	0	0	1	0	27	10	682.812500ns
861	2002	0	0	1	0	17	11	433.593750ns
862	2003	0	0	1	0	28	7	705.468750ns
863	2004	0	0	1	0	6	17	163.281250ns
864	2005	0	0	1	0	17	3	427.343750ns
865	2006	0	0	1	0	8	12	209.375000ns
866	2007	0	0	1	0	11	14	285.937500ns
867	2008	0	0	1	0	3	1	75.781250ns
868	2009	0	0	1	0	13	11	333.593750ns
869	2011	0	0	1	0	14	2	351.562500ns
870	2015	0	0	1	0	21	30	548.437500ns
871	2017	0	0	1	0	4	29	122.656250ns
872	2018	0	0	1	0	2	2	51.562500ns
873	2019	0	0	1	0	15	10	382.812500ns
874	2020	0	0	1	0	12	0	300.000000ns
875	2022	0	0	1	0	23	22	592.187500ns
876	2023	0	0	1	0	18	5	453.906250ns
877	2024	0	0	1	0	26	10	657.812500ns
878	2025	0	0	1	0	11	12	284.375000ns
879	2026	0	0	1	0	8	25	219.531250ns
880	2027	0	0	1	0	28	28	721.875000ns
881	2028	0	0	1	0	14	7	355.468750ns
882	2030	0	0	1	0	28	9	707.031250ns
883	2031	0	0	1	0	20	7	505.468750ns
884	2032	0	0	1	0	11	6	279.687500ns
885	2033	0	0	1	0	29	5	728.906250ns
886	2034	0	0	1	0	30	1	750.781250ns
887	2035	0	0	1	0	30	6	754.687500ns
888	2036	0	0	1	0	9	9	232.031250ns
889	2037	0	0	1	0	3	30	98.437500ns
890	2039	0	0	1	0	25	10	632.812500ns
891	2040	0	0	1	0	15	16	387.500000ns
892	2041	0	0	1	0	11	30	298.437500ns
893	2042	0	0	1	0	6	11	158.593750ns
894	2045	0	0	1	0	11	5	278.906250ns
895	2046	0	0	1	0	12	10	307.812500ns
896	2047	0	0	1	0	20	17	513.281250ns
897	2048	0	0	1	0	3	2	76.562500ns
898	2049	0	0	1	0	10	26	270.312500ns
899	2050	0	0	1	0	25	25	644.531250ns
900	2051	0	0	1	0	21	13	535.156250ns
901	2053	0	0	1	0	1	21	41.406250ns
902	2055	0	0	1	0	20	11	508.593750ns
903	2056	0	0	1	0	7	12	184.375000ns
904	2057	0	0	1	0	27	0	675.000000ns
905	2059	0	0	1	0	20	30	523.437500ns
906	2060	0	0	1	0	20	29	522.656250ns
907	2063	0	0	1	0	4	8	106.250000ns
908	2064	0	0	1	0	21	5	528.906250ns
909	2066	0	0	1	0	23	29	597.656250ns
910	2067	0	0	1	0	20	2	501.562500ns
911	2070	0	0	1	0	9	6	229.687500ns
912	2071	0	0	1	0	19	12	484.375000ns
913	2072	0	0	1	0	13	25	344.531250ns
914	2074	0	0	1	0	21	2	526.562500ns
915	2076	0	0	1	0	26	10	657.812500ns
916	2077	0	0	1	0	3	22	92.187500ns
917	2078	0	0	1	0	28	3	702.343750ns
918	2081	0	0	1	0	18	12	459.375000ns
919	2084	0	0	1	0	11	31	299.218750ns
920	2085	0	0	1	0	15	19	389.843750ns
921	2086	0	0	1	0	16	20	415.625000ns
922	2087	0	0	1	0	8	10	207.812500ns
923	2089	0	0	1	0	31	30	798.437500ns
924	2090	0	0	1	0	16	10	407.812500ns
925	2091	0	0	1	0	31	27	796.093750ns
926	2092	0	0	1	0	20	6	504.687500ns
927	2093	0	0	1	0	19	5	478.906250ns
928	2094	0	0	1	0	26	27	671.093750ns
929	2096	0	0	1	0	18	22	467.187500ns
930	2099	0	0	1	0	19	10	482.812500ns
931	2103	0	0	1	0	29	21	741.406250ns
932	2104	0	0	1	0	4	7	105.468750ns
933	2105	0	0	1	0	3	30	98.437500ns
934	2108	0	0	1	0	23	5	578.906250ns
935	2109	0	0	1	0	12	3	302.343750ns
936	2114	0	0	1	0	9	12	234.375000ns
937	2115	0	0	1	0	4	3	102.343750ns
938	2117	0	0	1	0	28	11	708.593750ns
939	2118	0	0	1	0	1	7	30.468750ns
940	2121	0	0	1	0	19	4	478.125000ns
941	2122	0	0	1	0	20	9	507.031250ns
942	2123	0	0	1	0	29	5	728.906250ns
943	2124	0	0	1	0	28	12	709.375000ns
944	2128	0	0	1	0	4	24	118.750000ns
945	2130	0	0	1	0	14	16	362.500000ns
946	2131	0	0	1	0	10	6	254.687500ns
947	2132	0	0	1	0	16	6	404.687500ns
948	2134	0	0	1	0	8	16	212.500000ns
949	2136	0	0	1	0	1	16	37.500000ns
950	2138	0	0	1	0	22	9	557.031250ns
951	2139	0	0	1	0	12	7	305.468750ns
952	2140	0	0	1	0	19	27	496.093750ns
953	2143	0	0	1	0	8	27	221.093750ns
954	2144	0	0	1	0	12	7	305.468750ns
955	2145	0	0	1	0	11	6	279.687500ns
956	2148	0	0	1	0	0	8	6.250000ns
957	2149	0	0	1	0	27	10	682.812500ns
958	2154	0	0	1	0	24	6	604.687500ns
959	2155	0	0	1	0	14	26	370.312500ns
960	2156	0	0	1	0	13	31	349.218750ns
961	2157	0	0	1	0	5	6	129.687500ns
962	2160	0	0	1	0	18	22	467.187500ns
963	2161	0	0	1	0	26	3	652.343750ns
964	2162	0	0	1	0	20	11	508.593750ns
965	2163	0	0	1	0	28	16	712.500000ns
966	2165	0	0	1	0	11	30	298.437500ns
967	2166	0	0	1	0	14	2	351.562500ns
968	2167	0	0	1	0	8	22	217.187500ns
969	2168	0	0	1	0	8	4	203.125000ns
970	2169	0	0	1	0	1	10	32.812500ns
971	2170	0	0	1	0	26	28	671.875000ns
972	2171	0	0	1	0	21	24	543.750000ns
973	2173	0	0	1	0	0	4	3.125000ns
974	2174	0	0	1	0	0	30	23.437500ns
975	2175	0	0	1	0	21	10	532.812500ns
976	2176	0	0	1	0	18	26	470.312500ns
977	2177	0	0	1	0	23	11	583.593750ns
978	2179	0	0	1	0	22	21	566.406250ns
979	2181	0	0	1	0	21	4	528.125000ns
980	2182	0	0	1	0	1	13	35.156250ns
981	2183	0	0	1	0	6	20	165.625000ns
982	2184	0	0	1	0	12	18	314.062500ns
983	2185	0	0	1	0	8	5	203.906250ns
984	2186	0	0	1	0	13	3	327.343750ns
985	2188	0	0	1	0	8	29	222.656250ns
986	2193	0	0	1	0	6	30	173.437500ns
987	2194	0	0	1	0	28	18	714.062500ns
988	2197	0	0	1	0	8	25	219.531250ns
989	2198	0	0	1	0	21	28	546.875000ns
990	2200	0	0	1	0	0	9	7.031250ns
991	2201	0	0	1	0	31	31	799.218750ns
992	2203	0	0	1	0	11	23	292.968750ns
993	2206	0	0	1	0	16	19	414.843750ns
994	2207	0	0	1	0	20	10	507.812500ns
995	2208	0	0	1	0	9	31	249.218750ns
996	2209	0	0	1	0	28	28	721.875000ns
997	2210	0	0	1	0	17	30	448.437500ns
998	2212	0	0	1	0	26	5	653.906250ns
999	2213	0	0	1	0	3	23	92.968750ns
1000	2218	0	0	1	0	23	27	596.093750ns
1001	2219	0	0	1	0	17	11	433.593750ns
1002	2221	0	0	1	0	14	4	353.125000ns
1003	2223	0	0	1	0	19	9	482.031250ns
1004	2225	0	0	1	0	30	0	750.000000ns
1005	2229	0	0	1	0	5	20	140.625000ns
1006	2231	0	0	1	0	21	28	546.875000ns
1007	2232	0	0	1	0	26	9	657.031250ns
1008	2235	0	0	1	0	4	22	117.187500ns
1009	2236	0	0	1	0	23	11	583.593750ns
1010	2237	0	0	1	0	22	26	570.312500ns
1011	2238	0	0	1	0	10	12	259.375000ns
1012	2240	0	0	1	0	7	2	176.562500ns
1013	2241	0	0	1	0	26	2	651.562500ns
1014	2243	0	0	1	0	11	1	275.781250ns
1015	2249	0	0	1	0	23	2	576.562500ns
1016	2251	0	0	1	0	19	1	475.781250ns
1017	2252	0	0	1	0	6	17	163.281250ns
1018	2257	0	0	1	0	27	24	693.750000ns
1019	2258	0	0	1	0	15	28	396.875000ns
1020	2262	0	0	1	0	25	0	625.000000ns
1021	2264	0	0	1	0	22	12	559.375000ns
1022	2265	0	0	1	0	19	6	479.687500ns
1023	2267	0	0	1	0	1	22	42.187500ns
1024	2268	0	0	1	0	7	9	182.031250ns
1025	2272	0	0	1	0	6	21	166.406250ns
1026	2274	0	0	1	0	8	22	217.187500ns
1027	2277	0	0	1	0	13	30	348.437500ns
1028	2278	0	0	1	0	15	16	387.500000ns
1029	2280	0	0	1	0	3	29	97.656250ns
1030	2286	0	0	1	0	14	13	360.156250ns
1031	2289	0	0	1	0	8	9	207.031250ns
1032	2292	0	0	1	0	6	0	150.000000ns
1033	2293	0	0	1	0	18	17	463.281250ns
1034	2296	0	0	1	0	20	22	517.187500ns
1035	2297	0	0	1	0	11	11	283.593750ns
1036	2298	0	0	1	0	22	4	553.125000ns
1037	2299	0	0	1	0	14	3	352.343750ns
1038	2300	0	0	1	0	10	11	258.593750ns
1039	2303	0	0	1	0	2	22	67.187500ns
1040	2304	0	0	1	0	21	5	528.906250ns
1041	2305	0	0	1	0	12	30	323.437500ns
1042	2306	0	0	1	0	31	21	791.406250ns
1043	2308	0	0	1	0	0	0	0.000000ns
1044	2311	0	0	1	0	13	3	327.343750ns
1045	2312	0	0	1	0	2	8	56.250000ns
1046	2314	0	0	1	0	24	10	607.812500ns
1047	2315	0	0	1	0	2	26	70.312500ns
1048	2319	0	0	1	0	26	5	653.906250ns
1049	2320	0	0	1	0	10	28	271.875000ns
1050	2321	0	0	1	0	18	27	471.093750ns
1051	2322	0	0	1	0	22	0	550.000000ns
1052	2326	0	0	1	0	17	10	432.812500ns
1053	2328	0	0	1	0	1	18	39.062500ns
1054	2330	0	0	1	0	27	12	684.375000ns
1055	2331	0	0	1	0	12	20	315.625000ns
1056	2334	0	0	1	0	20	15	511.718750ns
1057	2335	0	0	1	0	30	0	750.000000ns
1058	2336	0	0	1	0	17	23	442.968750ns
1059	2338	0	0	1	0	23	30	598.437500ns
1060	2340	0	0	1	0	31	28	796.875000ns
1061	2341	0	0	1	0	11	31	299.218750ns
1062	2342	0	0	1	0	4	15	111.718750ns
1063	2345	0	0	1	0	2	8	56.250000ns
1064	2346	0	0	1	0	12	10	307.812500ns
1065	2348	0	0	1	0	18	3	452.343750ns
1066	2350	0	0	1	0	15	8	381.250000ns
1067	2351	0	0	1	0	14	20	365.625000ns
1068	2353	0	0	1	0	17	30	448.437500ns
1069	2355	0	0	1	0	8	16	212.500000ns
1070	2358	0	0	1	0	22	10	557.812500ns
1071	2360	0	0	1	0	1	24	43.750000ns
1072	2361	0	0	1	0	28	9	707.031250ns
1073	2362	0	0	1	0	13	0	325.000000ns
1074	2365	0	0	1	0	17	13	435.156250ns
1075	2368	0	0	1	0	7	9	182.031250ns
1076	2374	0	0	1	0	14	13	360.156250ns
1077	2375	0	0	1	0	29	5	728.906250ns
1078	2378	0	0	1	0	2	2	51.562500ns
1079	2381	0	0	1	0	9	6	229.687500ns
1080	2383	0	0	1	0	2	15	61.718750ns
1081	2384	0	0	1	0	26	10	657.812500ns
1082	2386	0	0	1	0	18	10	457.812500ns
1083	2391	0	0	1	0	31	22	792.187500ns
1084	2392	0	0	1	0	10	6	254.687500ns
1085	2393	0	0	1	0	28	6	704.687500ns
1086	2398	0	0	1	0	0	13	10.156250ns
1087	2400	0	0	1	0	11	30	298.437500ns
1088	2401	0	0	1	0	27	26	695.312500ns
1089	2403	0	0	1	0	22	9	557.031250ns
1090	2410	0	0	1	0	10	7	255.468750ns
1091	2417	0	0	1	0	10	10	257.812500ns
1092	2418	0	0	1	0	26	15	661.718750ns
1093	2419	0	0	1	0	14	15	361.718750ns
1094	2421	0	0	1	0	24	12	609.375000ns
1095	2423	0	0	1	0	25	8	631.250000ns
1096	2425	0	0	1	0	5	4	128.125000ns
1097	2428	0	0	1	0	26	1	650.781250ns
1098	2431	0	0	1	0	24	16	612.500000ns
1099	2432	0	0	1	0	24	14	610.937500ns
1100	2433	0	0	1	0	29	2	726.562500ns
1101	2435	0	0	1	0	27	4	678.125000ns
1102	2436	0	0	1	0	29	14	735.937500ns
1103	2440	0	0	1	0	16	8	406.250000ns
1104	2443	0	0	1	0	1	4	28.125000ns
1105	2444	0	0	1	0	25	15	636.718750ns
1106	2445	0	0	1	0	10	20	265.625000ns
1107	2451	0	0	1	0	30	6	754.687500ns
1108	2453	0	0	1	0	7	9	182.031250ns
1109	2454	0	0	1	0	1	29	47.656250ns
1110	2455	0	0	1	0	19	22	492.187500ns
1111	2458	0	0	1	0	31	11	783.593750ns
1112	2459	0	0	1	0	12	16	312.500000ns
1113	2462	0	0	1	0	25	5	628.906250ns
1114	2465	0	0	1	0	26	5	653.906250ns
1115	2466	0	0	1	0	30	8	756.250000ns
1116	2467	0	0	1	0	2	7	55.468750ns
1117	2468	0	0	1	0	30	23	767.968750ns
1118	2469	0	0	1	0	21	0	525.000000ns
1119	2470	0	0	1	0	21	5	528.906250ns
1120	2474	0	0	1	0	14	5	353.906250ns
1121	2482	0	0	1	0	20	17	513.281250ns
1122	2483	0	0	1	0	18	6	454.687500ns
1123	2486	0	0	1	0	27	3	677.343750ns
1124	2487	0	0	1	0	5	7	130.468750ns
1125	2490	0	0	1	0	19	5	478.906250ns
1126	2492	0	0	1	0	26	28	671.875000ns
1127	2493	0	0	1	0	18	14	460.937500ns
1128	2497	0	0	1	0	3	15	86.718750ns
1129	2498	0	0	1	0	29	12	734.375000ns
1130	2500	0	0	1	0	30	24	768.750000ns
1131	2511	0	0	1	0	21	6	529.687500ns
1132	2512	0	0	1	0	6	8	156.250000ns
1133	2513	0	0	1	0	31	12	784.375000ns
1134	2516	0	0	1	0	13	6	329.687500ns
1135	2518	0	0	1	0	12	13	310.156250ns
1136	2519	0	0	1	0	18	14	460.937500ns
1137	2521	0	0	1	0	15	6	379.687500ns
1138	2523	0	0	1	0	2	15	61.718750ns
1139	2533	0	0	1	0	8	3	202.343750ns
1140	2538	0	0	1	0	4	9	107.031250ns
1141	2539	0	0	1	0	6	22	167.187500ns
1142	2540	0	0	1	0	15	29	397.656250ns
1143	2547	0	0	1	0	17	27	446.093750ns
1144	2553	0	0	1	0	10	28	271.875000ns
1145	2554	0	0	1	0	28	17	713.281250ns
1146	2555	0	0	1	0	0	8	6.250000ns
1147	2558	0	0	1	0	25	1	625.781250ns
1148	2561	0	0	1	0	2	10	57.812500ns
1149	2562	0	0	1	0	31	4	778.125000ns
1150	2564	0	0	1	0	28	28	721.875000ns
1151	2566	0	0	1	0	18	9	457.031250ns
1152	2567	0	0	1	0	5	6	129.687500ns
1153	2569	0	0	1	0	2	6	54.687500ns
1154	2570	0	0	1	0	19	7	480.468750ns
1155	2571	0	0	1	0	26	11	658.593750ns
1156	2575	0	0	1	0	31	8	781.250000ns
1157	2576	0	0	1	0	8	20	215.625000ns
1158	2578	0	0	1	0	1	5	28.906250ns
1159	2579	0	0	1	0	2	22	67.187500ns
1160	2580	0	0	1	0	17	24	443.750000ns
1161	2582	0	0	1	0	27	4	678.125000ns
1162	2583	0	0	1	0	5	11	133.593750ns
1163	2588	0	0	1	0	10	14	260.937500ns
1164	2598	0	0	1	0	22	31	574.218750ns
1165	2605	0	0	1	0	23	4	578.125000ns
1166	2615	0	0	1	0	28	0	700.000000ns
1167	2621	0	0	1	0	12	27	321.093750ns
1168	2629	0	0	1	0	13	25	344.531250ns
1169	2639	0	0	1	0	11	18	289.062500ns
1170	2647	0	0	1	0	4	31	124.218750ns
1171	2648	0	0	1	0	4	5	103.906250ns
1172	2650	0	0	1	0	29	5	728.906250ns
1173	2653	0	0	1	0	24	14	610.937500ns
1174	2654	0	0	1	0	29	13	735.156250ns
1175	2655	0	0	1	0	27	15	686.718750ns
1176	2657	0	0	1	0	21	4	528.125000ns
1177	2664	0	0	1	0	22	6	554.687500ns
1178	2676	0	0	1	0	2	6	54.687500ns
1179	2678	0	0	1	0	13	8	331.250000ns
1180	2684	0	0	1	0	13	27	346.093750ns
1181	2691	0	0	1	0	15	23	392.968750ns
1182	2699	0	0	1	0	12	29	322.656250ns
1183	2702	0	0	1	0	9	17	238.281250ns
1184	2704	0	0	1	0	0	14	10.937500ns
1185	2705	0	0	1	0	3	8	81.250000ns
1186	2712	0	0	1	0	24	1	600.781250ns
1187	2716	0	0	1	0	23	3	577.343750ns
1188	2723	0	0	1	0	11	4	278.125000ns
1189	2726	0	0	1	0	15	14	385.937500ns
1190	2730	0	0	1	0	0	12	9.375000ns
1191	2731	0	0	1	0	24	22	617.187500ns
1192	2746	0	0	1	0	16	5	403.906250ns
1193	2753	0	0	1	0	0	28	21.875000ns
1194	2756	0	0	1	0	0	15	11.718750ns
1195	2757	0	0	1	0	5	3	127.343750ns
1196	2761	0	0	1	0	3	8	81.250000ns
1197	2762	0	0	1	0	18	27	471.093750ns
1198	2771	0	0	1	0	23	2	576.562500ns
1199	2772	0	0	1	0	19	15	486.718750ns
1200	2776	0	0	1	0	19	12	484.375000ns
1201	2779	0	0	1	0	28	10	707.812500ns
1202	2780	0	0	1	0	1	3	27.343750ns
1203	2783	0	0	1	0	10	0	250.000000ns
1204	2792	0	0	1	0	3	19	89.843750ns
1205	2801	0	0	1	0	17	9	432.031250ns
1206	2802	0	0	1	0	13	12	334.375000ns
1207	2819	0	0	1	0	30	12	759.375000ns
1208	2837	0	0	1	0	4	9	107.031250ns
1209	2838	0	0	1	0	29	11	733.593750ns
1210	2848	0	0	1	0	27	6	679.687500ns
1211	2854	0	0	1	0	0	9	7.031250ns
1212	2857	0	0	1	0	18	14	460.937500ns
1213	2860	0	0	1	0	9	3	227.343750ns
1214	2863	0	0	1	0	30	10	757.812500ns
1215	2865	0	0	1	0	31	1	775.781250ns
1216	2866	0	0	1	0	17	4	428.125000ns
1217	2867	0	0	1	0	4	12	109.375000ns
1218	2889	0	0	1	0	24	18	614.062500ns
1219	2891	0	0	1	0	15	17	388.281250ns
1220	2904	0	0	1	0	23	31	599.218750ns
1221	2909	0	0	1	0	18	11	458.593750ns
1222	2915	0	0	1	0	13	4	328.125000ns
1223	2923	0	0	1	0	25	22	642.187500ns
1224	2927	0	0	1	0	2	1	50.781250ns
1225	2928	0	0	1	0	21	5	528.906250ns
1226	2929	0	0	1	0	16	19	414.843750ns
1227	2964	0	0	1	0	28	16	712.500000ns
1228	2975	0	0	1	0	24	8	606.250000ns
1229	2998	0	0	1	0	28	4	703.125000ns
1230	3001	0	0	1	0	11	15	286.718750ns
1231	3004	0	0	1	0	29	29	747.656250ns
1232	3005	0	0	1	0	12	22	317.187500ns
1233	3010	0	0	1	0	17	12	434.375000ns
1234	3015	0	0	1	0	31	11	783.593750ns
1235	3023	0	0	1	0	25	30	648.437500ns
1236	3033	0	0	1	0	23	25	594.531250ns
1237	3042	0	0	1	0	20	13	510.156250ns
1238	3043	0	0	1	0	7	4	178.125000ns
1239	3051	0	0	1	0	24	18	614.062500ns
1240	3052	0	0	1	0	22	20	565.625000ns
1241	3061	0	0	1	0	8	3	202.343750ns
1242	3068	0	0	1	0	13	16	337.500000ns
1243	3075	0	0	1	0	27	3	677.343750ns
1244	3078	0	0	1	0	29	7	730.468750ns
1245	3089	0	0	1	0	13	6	329.687500ns
1246	3102	0	0	1	0	20	24	518.750000ns
1247	3120	0	0	1	0	14	22	367.187500ns
1248	3124	0	0	1	0	29	18	739.062500ns
1249	3130	0	0	1	0	5	13	135.156250ns
1250	3139	0	0	1	0	13	8	331.250000ns
1251	3149	0	0	1	0	4	4	103.125000ns
1252	3154	0	0	1	0	5	31	149.218750ns
1253	3157	0	0	1	0	12	21	316.406250ns
1254	3185	0	0	1	0	9	3	227.343750ns
1255	3189	0	0	1	0	28	27	721.093750ns
1256	3195	0	0	1	0	14	7	355.468750ns
1257	3197	0	0	1	0	6	14	160.937500ns
1258	3201	0	0	1	0	15	18	389.062500ns
1259	3204	0	0	1	0	27	17	688.281250ns
1260	3214	0	0	1	0	6	6	154.687500ns
1261	3223	0	0	1	0	6	6	154.687500ns
1262	3227	0	0	1	0	8	29	222.656250ns
1263	3271	0	0	1	0	9	16	237.500000ns
1264	3274	0	0	1	0	17	7	430.468750ns
1265	3281	0	0	1	0	7	13	185.156250ns
1266	3289	0	0	1	0	10	15	261.718750ns
