#num_sweeps:25
#thresh	dac
112	0
114	50
122	100
122	150
122	200
122	250
122	300
124	350
126	400
132	450
132	500
132	550
138	600
138	650
142	700
144	750
148	800
148	850
152	900
152	950
156	1000
162	1050
164	1100
164	1150
164	1200
166	1250
170	1300
170	1350
172	1400
172	1450
172	1500
172	1550
180	1600
182	1650
188	1700
192	1750
192	1800
196	1850
196	1900
196	1950
202	2000
204	2050
206	2100
208	2150
208	2200
212	2250
212	2300
214	2350
222	2400
222	2450
224	2500
236	2550
238	2600
238	2650
238	2700
238	2750
238	2800
246	2850
250	2900
254	2950
