#num_sweeps:25
#thresh	dac
150	0
154	50
154	100
156	150
156	200
158	250
158	300
158	350
158	400
158	450
158	500
158	550
158	600
158	650
158	700
158	750
160	800
160	850
160	900
160	950
160	1000
160	1050
162	1100
162	1150
162	1200
162	1250
162	1300
162	1350
162	1400
162	1450
162	1500
162	1550
162	1600
162	1650
162	1700
162	1750
162	1800
162	1850
162	1900
162	1950
162	2000
162	2050
162	2100
162	2150
162	2200
162	2250
162	2300
164	2350
164	2400
164	2450
164	2500
164	2550
164	2600
164	2650
164	2700
164	2750
164	2800
164	2850
164	2900
164	2950
164	3000
164	3050
164	3100
164	3150
164	3200
164	3250
164	3300
164	3350
164	3400
164	3450
164	3500
164	3550
164	3600
164	3650
166	3700
166	3750
166	3800
166	3850
166	3900
166	3950
166	4000
166	4050
