#num_sweeps:25
#thresh	dac
190	0
190	50
198	100
198	150
198	200
198	250
198	300
198	350
198	400
198	450
198	500
198	550
198	600
198	650
198	700
198	750
198	800
198	850
198	900
198	950
200	1000
200	1050
200	1100
200	1150
200	1200
200	1250
202	1300
202	1350
202	1400
202	1450
202	1500
202	1550
202	1600
202	1650
202	1700
202	1750
202	1800
202	1850
202	1900
202	1950
202	2000
202	2050
202	2100
202	2150
202	2200
202	2250
202	2300
202	2350
202	2400
202	2450
202	2500
202	2550
204	2600
204	2650
204	2700
204	2750
204	2800
204	2850
204	2900
204	2950
204	3000
204	3050
204	3100
204	3150
204	3200
204	3250
204	3300
204	3350
204	3400
206	3450
206	3500
206	3550
206	3600
206	3650
206	3700
206	3750
206	3800
206	3850
206	3900
206	3950
206	4000
206	4050
