#num_sweeps:25
#thresh	dac
96	0
102	50
108	100
110	150
112	200
112	250
112	300
112	350
112	400
112	450
114	500
114	550
114	600
114	650
116	700
116	750
116	800
116	850
116	900
116	950
116	1000
116	1050
116	1100
116	1150
116	1200
116	1250
116	1300
116	1350
116	1400
116	1450
118	1500
118	1550
118	1600
118	1650
118	1700
118	1750
118	1800
118	1850
118	1900
118	1950
118	2000
118	2050
118	2100
118	2150
118	2200
118	2250
118	2300
118	2350
120	2400
120	2450
122	2500
122	2550
122	2600
122	2650
122	2700
122	2750
122	2800
122	2850
122	2900
122	2950
122	3000
122	3050
122	3100
122	3150
122	3200
122	3250
122	3300
122	3350
122	3400
122	3450
122	3500
122	3550
122	3600
122	3650
122	3700
122	3750
122	3800
122	3850
122	3900
122	3950
122	4000
122	4050
