#num_sweeps:25
#thresh	dac
112	0
114	50
114	100
114	150
116	200
124	250
126	300
128	350
128	400
132	450
134	500
134	550
134	600
136	650
136	700
144	750
146	800
148	850
148	900
150	950
154	1000
162	1050
162	1100
164	1150
164	1200
166	1250
166	1300
174	1350
174	1400
176	1450
176	1500
176	1550
188	1600
190	1650
190	1700
192	1750
200	1800
204	1850
208	1900
208	1950
208	2000
208	2050
212	2100
214	2150
220	2200
222	2250
226	2300
230	2350
230	2400
230	2450
232	2500
238	2550
240	2600
250	2650
252	2700
252	2750
