#num_sweeps:25
#thresh	dac
98	0
104	50
104	100
106	150
108	200
112	250
116	300
118	350
118	400
118	450
120	500
120	550
120	600
124	650
126	700
126	750
128	800
128	850
130	900
130	950
136	1000
136	1050
140	1100
144	1150
144	1200
144	1250
144	1300
150	1350
150	1400
154	1450
154	1500
156	1550
160	1600
162	1650
164	1700
168	1750
172	1800
172	1850
172	1900
172	1950
174	2000
180	2050
184	2100
188	2150
190	2200
192	2250
198	2300
198	2350
198	2400
200	2450
200	2500
208	2550
208	2600
216	2650
216	2700
216	2750
218	2800
222	2850
224	2900
234	2950
236	3000
240	3050
240	3100
240	3150
246	3200
248	3250
