#num_sweeps:25
#thresh	dac
68	0
72	50
78	100
78	150
80	200
82	250
82	300
84	350
84	400
86	450
86	500
86	550
86	600
86	650
86	700
86	750
86	800
86	850
86	900
86	950
86	1000
86	1050
86	1100
86	1150
86	1200
86	1250
86	1300
86	1350
86	1400
86	1450
86	1500
86	1550
88	1600
88	1650
88	1700
88	1750
88	1800
90	1850
90	1900
90	1950
90	2000
90	2050
90	2100
90	2150
90	2200
90	2250
90	2300
90	2350
90	2400
90	2450
90	2500
90	2550
90	2600
90	2650
90	2700
90	2750
90	2800
90	2850
90	2900
90	2950
90	3000
90	3050
92	3100
92	3150
92	3200
92	3250
92	3300
92	3350
92	3400
92	3450
92	3500
92	3550
92	3600
92	3650
92	3700
92	3750
92	3800
92	3850
92	3900
92	3950
92	4000
92	4050
