#num_sweeps:25
#thresh	dac
84	0
86	50
88	100
98	150
100	200
100	250
100	300
102	350
104	400
112	450
114	500
114	550
114	600
116	650
116	700
120	750
120	800
124	850
128	900
128	950
132	1000
132	1050
134	1100
134	1150
140	1200
142	1250
146	1300
148	1350
148	1400
148	1450
154	1500
154	1550
156	1600
166	1650
166	1700
166	1750
166	1800
174	1850
174	1900
176	1950
176	2000
180	2050
182	2100
182	2150
188	2200
188	2250
192	2300
198	2350
202	2400
204	2450
208	2500
214	2550
214	2600
216	2650
218	2700
226	2750
228	2800
232	2850
240	2900
244	2950
246	3000
