#num_sweeps:25
#thresh	dac
44	0
48	50
50	100
60	150
60	200
62	250
64	300
74	350
80	400
82	450
84	500
86	550
86	600
86	650
88	700
90	750
90	800
94	850
98	900
98	950
100	1000
100	1050
100	1100
104	1150
106	1200
110	1250
110	1300
110	1350
112	1400
118	1450
120	1500
120	1550
120	1600
126	1650
128	1700
130	1750
136	1800
136	1850
140	1900
140	1950
142	2000
144	2050
146	2100
146	2150
148	2200
150	2250
152	2300
154	2350
156	2400
160	2450
162	2500
168	2550
168	2600
172	2650
172	2700
172	2750
172	2800
172	2850
172	2900
176	2950
178	3000
184	3050
184	3100
184	3150
184	3200
192	3250
198	3300
198	3350
198	3400
206	3450
206	3500
206	3550
206	3600
206	3650
210	3700
210	3750
214	3800
214	3850
218	3900
222	3950
222	4000
222	4050
