#num_sweeps:25
#thresh	dac
94	0
98	50
102	100
102	150
102	200
104	250
108	300
108	350
108	400
114	450
114	500
118	550
118	600
120	650
122	700
122	750
128	800
128	850
128	900
130	950
130	1000
130	1050
132	1100
138	1150
140	1200
140	1250
146	1300
146	1350
150	1400
152	1450
152	1500
154	1550
156	1600
160	1650
168	1700
168	1750
172	1800
174	1850
178	1900
178	1950
178	2000
178	2050
184	2100
190	2150
194	2200
196	2250
196	2300
196	2350
198	2400
200	2450
208	2500
210	2550
212	2600
214	2650
224	2700
230	2750
232	2800
232	2850
238	2900
242	2950
242	3000
242	3050
248	3100
250	3150
250	3200
254	3250
