#num_sweeps:25
#thresh	dac
50	0
50	50
50	100
50	150
50	200
50	250
54	300
54	350
54	400
54	450
56	500
58	550
58	600
58	650
62	700
62	750
62	800
64	850
70	900
70	950
70	1000
72	1050
80	1100
82	1150
82	1200
90	1250
92	1300
94	1350
94	1400
98	1450
98	1500
98	1550
100	1600
104	1650
104	1700
108	1750
110	1800
112	1850
112	1900
112	1950
114	2000
122	2050
122	2100
126	2150
126	2200
130	2250
132	2300
132	2350
136	2400
140	2450
142	2500
144	2550
144	2600
152	2650
158	2700
158	2750
162	2800
164	2850
166	2900
168	2950
168	3000
168	3050
168	3100
170	3150
172	3200
180	3250
180	3300
182	3350
184	3400
184	3450
188	3500
192	3550
192	3600
194	3650
198	3700
202	3750
202	3800
204	3850
204	3900
206	3950
208	4000
212	4050
