#num_sweeps:25
#thresh	dac
80	0
80	50
80	100
80	150
80	200
82	250
82	300
84	350
88	400
88	450
90	500
90	550
90	600
90	650
90	700
92	750
92	800
92	850
92	900
92	950
92	1000
92	1050
92	1100
92	1150
92	1200
92	1250
92	1300
92	1350
92	1400
92	1450
92	1500
92	1550
92	1600
92	1650
92	1700
92	1750
92	1800
92	1850
92	1900
92	1950
92	2000
92	2050
92	2100
92	2150
92	2200
92	2250
92	2300
92	2350
92	2400
92	2450
92	2500
92	2550
92	2600
92	2650
92	2700
92	2750
92	2800
92	2850
92	2900
92	2950
92	3000
92	3050
92	3100
92	3150
92	3200
92	3250
92	3300
92	3350
92	3400
92	3450
92	3500
92	3550
92	3600
92	3650
92	3700
92	3750
92	3800
92	3850
92	3900
92	3950
92	4000
92	4050
