#num_sweeps:25
#thresh	dac
100	0
106	50
108	100
108	150
110	200
112	250
122	300
122	350
124	400
126	450
126	500
128	550
130	600
130	650
132	700
132	750
136	800
138	850
142	900
144	950
150	1000
154	1050
154	1100
154	1150
154	1200
154	1250
162	1300
164	1350
164	1400
172	1450
172	1500
176	1550
176	1600
180	1650
182	1700
184	1750
188	1800
188	1850
188	1900
190	1950
192	2000
192	2050
202	2100
202	2150
208	2200
208	2250
210	2300
214	2350
224	2400
224	2450
224	2500
230	2550
232	2600
232	2650
232	2700
240	2750
240	2800
246	2850
252	2900
