#num_sweeps:25
#thresh	dac
94	0
102	50
102	100
102	150
104	200
104	250
104	300
104	350
114	400
114	450
114	500
116	550
120	600
120	650
122	700
122	750
126	800
126	850
130	900
132	950
132	1000
132	1050
138	1100
140	1150
144	1200
144	1250
146	1300
150	1350
154	1400
154	1450
158	1500
158	1550
158	1600
162	1650
166	1700
168	1750
168	1800
172	1850
174	1900
174	1950
178	2000
180	2050
180	2100
188	2150
192	2200
192	2250
194	2300
198	2350
202	2400
208	2450
208	2500
208	2550
216	2600
218	2650
220	2700
228	2750
232	2800
234	2850
234	2900
236	2950
240	3000
246	3050
248	3100
248	3150
250	3200
