#num_sweeps:25
#thresh	dac
100	0
100	50
110	100
120	150
120	200
124	250
124	300
126	350
126	400
128	450
130	500
130	550
132	600
132	650
134	700
134	750
138	800
140	850
150	900
150	950
150	1000
150	1050
150	1100
150	1150
150	1200
154	1250
158	1300
158	1350
158	1400
162	1450
168	1500
168	1550
172	1600
174	1650
174	1700
174	1750
174	1800
178	1850
186	1900
190	1950
190	2000
196	2050
198	2100
198	2150
198	2200
198	2250
204	2300
206	2350
208	2400
208	2450
208	2500
214	2550
216	2600
220	2650
228	2700
228	2750
228	2800
228	2850
234	2900
234	2950
240	3000
242	3050
246	3100
252	3150
254	3200
