#num_sweeps:25
#thresh	dac
102	0
104	50
106	100
108	150
110	200
110	250
112	300
116	350
122	400
122	450
124	500
124	550
130	600
130	650
130	700
134	750
134	800
140	850
142	900
142	950
144	1000
144	1050
150	1100
150	1150
150	1200
154	1250
158	1300
158	1350
162	1400
166	1450
166	1500
170	1550
170	1600
172	1650
176	1700
176	1750
178	1800
184	1850
188	1900
188	1950
188	2000
194	2050
198	2100
200	2150
202	2200
202	2250
208	2300
210	2350
210	2400
216	2450
224	2500
228	2550
230	2600
232	2650
232	2700
240	2750
240	2800
242	2850
244	2900
244	2950
246	3000
