#num_sweeps:25
#thresh	dac
122	0
122	50
122	100
126	150
128	200
130	250
132	300
136	350
136	400
138	450
138	500
140	550
140	600
144	650
146	700
148	750
148	800
156	850
158	900
160	950
162	1000
166	1050
166	1100
166	1150
170	1200
170	1250
170	1300
170	1350
176	1400
178	1450
178	1500
178	1550
182	1600
182	1650
192	1700
192	1750
194	1800
196	1850
196	1900
202	1950
202	2000
204	2050
206	2100
208	2150
214	2200
214	2250
222	2300
222	2350
226	2400
228	2450
228	2500
234	2550
236	2600
246	2650
250	2700
254	2750
254	2800
254	2850
254	2900
