#num_sweeps:25
#thresh	dac
82	0
82	50
88	100
88	150
88	200
88	250
88	300
88	350
90	400
90	450
92	500
92	550
94	600
94	650
96	700
96	750
96	800
96	850
96	900
96	950
96	1000
96	1050
96	1100
96	1150
96	1200
96	1250
96	1300
96	1350
96	1400
96	1450
96	1500
96	1550
96	1600
96	1650
96	1700
96	1750
96	1800
96	1850
96	1900
96	1950
96	2000
98	2050
98	2100
98	2150
98	2200
98	2250
98	2300
98	2350
98	2400
98	2450
98	2500
98	2550
98	2600
100	2650
100	2700
100	2750
100	2800
100	2850
100	2900
100	2950
100	3000
100	3050
100	3100
100	3150
100	3200
100	3250
100	3300
100	3350
100	3400
100	3450
100	3500
100	3550
100	3600
100	3650
100	3700
100	3750
100	3800
100	3850
102	3900
102	3950
102	4000
102	4050
