#num_sweeps:25
#thresh	dac
124	0
124	50
124	100
124	150
126	200
126	250
128	300
128	350
128	400
130	450
130	500
130	550
132	600
132	650
132	700
132	750
132	800
132	850
132	900
132	950
132	1000
132	1050
132	1100
132	1150
132	1200
132	1250
132	1300
132	1350
132	1400
132	1450
132	1500
132	1550
132	1600
132	1650
132	1700
132	1750
132	1800
132	1850
132	1900
132	1950
132	2000
132	2050
132	2100
132	2150
132	2200
132	2250
132	2300
132	2350
132	2400
132	2450
132	2500
132	2550
132	2600
132	2650
132	2700
132	2750
132	2800
132	2850
132	2900
132	2950
132	3000
132	3050
132	3100
132	3150
132	3200
132	3250
132	3300
132	3350
132	3400
134	3450
134	3500
134	3550
134	3600
134	3650
134	3700
134	3750
136	3800
136	3850
136	3900
136	3950
136	4000
136	4050
