#num_sweeps:25
#thresh	dac
122	0
122	50
122	100
122	150
122	200
122	250
122	300
122	350
122	400
122	450
122	500
122	550
122	600
122	650
122	700
122	750
122	800
122	850
122	900
122	950
122	1000
122	1050
122	1100
122	1150
122	1200
122	1250
122	1300
122	1350
122	1400
122	1450
122	1500
122	1550
122	1600
122	1650
122	1700
122	1750
122	1800
122	1850
122	1900
122	1950
122	2000
124	2050
124	2100
126	2150
126	2200
126	2250
126	2300
126	2350
126	2400
128	2450
138	2500
138	2550
138	2600
142	2650
148	2700
148	2750
148	2800
150	2850
150	2900
150	2950
150	3000
160	3050
160	3100
160	3150
162	3200
166	3250
168	3300
170	3350
170	3400
174	3450
176	3500
180	3550
182	3600
186	3650
186	3700
194	3750
194	3800
196	3850
196	3900
200	3950
200	4000
202	4050
