#num_sweeps:25
#thresh	dac
40	0
40	50
40	100
46	150
46	200
50	250
56	300
58	350
68	400
68	450
68	500
70	550
70	600
74	650
84	700
84	750
88	800
88	850
88	900
90	950
90	1000
90	1050
90	1100
94	1150
96	1200
102	1250
102	1300
102	1350
102	1400
106	1450
106	1500
110	1550
114	1600
116	1650
120	1700
122	1750
122	1800
126	1850
128	1900
128	1950
130	2000
136	2050
136	2100
136	2150
140	2200
142	2250
142	2300
144	2350
144	2400
150	2450
150	2500
152	2550
154	2600
162	2650
164	2700
164	2750
168	2800
168	2850
168	2900
170	2950
170	3000
172	3050
174	3100
180	3150
180	3200
182	3250
184	3300
186	3350
188	3400
188	3450
198	3500
202	3550
202	3600
202	3650
204	3700
204	3750
204	3800
206	3850
206	3900
212	3950
222	4000
222	4050
