# Number of sweeps:200
# Match window:31
# Search window:39
# Reject offset:3456
# Bunch offset:3464
# Coarse offset:0
# Coarse rollover:3563
# Threshold: [100, 150, 1]
# Channel:9
thr	hits	freq	window	error
-54	0	0	31	0
-52	0	0	31	0
-50	0	0	31	0
-48	1	6250	31	6250
-46	1	6250	31	6250
-44	0	0	31	0
-42	1	6250	31	6250
-40	5	31250	31	13975.4
-38	13	81250	31	22534.7
-36	16	100000	31	25000
-34	21	131250	31	28641.1
-32	30	187500	31	34232.7
-30	55	343750	31	46351.2
-28	79	493750	31	55551.2
-26	57	356250	31	47186.5
-24	153	956250	31	77308.2
-22	177	1.10625e+06	31	83150.8
-20	144	900000	31	75000
-18	230	1.4375e+06	31	94785.9
-16	327	2.04375e+06	31	113020
-14	462	2.8875e+06	31	134339
-12	510	3.1875e+06	31	141145
-10	614	3.8375e+06	31	154869
-8	1003	6.26875e+06	31	197939
-6	1524	9.525e+06	31	243990
-4	1704	1.065e+07	31	257997
-2	1835	1.14688e+07	31	267731
0	1630	1.01875e+07	31	252333
2	1093	6.83125e+06	31	206628
4	364	2.275e+06	31	119242
6	193	1.20625e+06	31	86827.8
8	130	812500	31	71261
10	84	525000	31	57282.2
12	81	506250	31	56250
14	59	368750	31	48007.2
16	43	268750	31	40984
18	30	187500	31	34232.7
20	22	137500	31	29315.1
22	7	43750	31	16535.9
24	8	50000	31	17677.7
26	5	31250	31	13975.4
28	2	12500	31	8838.83
30	0	0	31	0
32	0	0	31	0
34	0	0	31	0
36	0	0	31	0
38	0	0	31	0
40	0	0	31	0
42	0	0	31	0
44	0	0	31	0
