# Number of sweeps:25
# Match window:1999
# Search window:2007
# Reject offset:2088
# Bunch offset:2096
# Coarse rollover:4095
# Threshold: [100, 150, 1]
# Channel:21
#thr	hits	freq	window	error
-54	0	0	1999	0
-52	0	0	1999	0
-50	0	0	1999	0
-48	0	0	1999	0
-46	0	0	1999	0
-44	0	0	1999	0
-42	0	0	1999	0
-40	0	0	1999	0
-38	0	0	1999	0
-36	0	0	1999	0
-34	0	0	1999	0
-32	0	0	1999	0
-30	1	800	1999	800
-28	1	800	1999	800
-26	3	2400	1999	1385.64
-24	34	27200	1999	4664.76
-22	86	68800	1999	7418.89
-20	340	272000	1999	14751.3
-18	925	740000	1999	24331.1
-16	490	2.61333e+06	299	118058
-14	1118	5.96267e+06	299	178328
-12	1130	1.20533e+07	149	358565
-10	1272	1.3568e+07	149	380428
-8	1275	1.36e+07	149	380876
-6	1274	1.35893e+07	149	380727
-4	1276	1.36107e+07	149	381026
-2	1276	1.36107e+07	149	381026
0	1275	1.36e+07	149	380876
2	1275	1.36e+07	149	380876
4	1275	1.36e+07	149	380876
6	1275	1.36e+07	149	380876
8	802	8.55467e+06	149	302076
10	1372	1.0976e+06	1999	29632.4
12	354	283200	1999	15051.9
14	87	69600	1999	7461.9
16	22	17600	1999	3752.33
18	9	7200	1999	2400
20	1	800	1999	800
22	2	1600	1999	1131.37
24	0	0	1999	0
26	0	0	1999	0
28	0	0	1999	0
30	0	0	1999	0
32	0	0	1999	0
34	0	0	1999	0
36	0	0	1999	0
38	0	0	1999	0
40	0	0	1999	0
42	0	0	1999	0
44	0	0	1999	0
