# Number of sweeps:25
# Match window:1999
# Search window:2007
# Reject offset:2088
# Bunch offset:2096
# Coarse rollover:4095
# Threshold: [100, 150, 1]
# Channel:19
#thr	hits	freq	window	error
-54	0	0	1999	0
-52	0	0	1999	0
-50	0	0	1999	0
-48	0	0	1999	0
-46	0	0	1999	0
-44	0	0	1999	0
-42	0	0	1999	0
-40	0	0	1999	0
-38	0	0	1999	0
-36	0	0	1999	0
-34	0	0	1999	0
-32	0	0	1999	0
-30	4	3200	1999	1600
-28	1	800	1999	800
-26	11	8800	1999	2653.3
-24	19	15200	1999	3487.12
-22	74	59200	1999	6881.86
-20	247	197600	1999	12573
-18	765	612000	1999	22126.9
-16	2081	1.6648e+06	1999	36494.4
-14	890	4.74667e+06	299	159109
-12	1027	1.09547e+07	149	341833
-10	1278	1.3632e+07	149	381324
-8	1275	1.36e+07	149	380876
-6	1275	1.36e+07	149	380876
-4	1274	1.35893e+07	149	380727
-2	1275	1.36e+07	149	380876
0	1276	1.36107e+07	149	381026
2	1275	1.36e+07	149	380876
4	1274	1.35893e+07	149	380727
6	1277	1.36213e+07	149	381175
8	788	8.40533e+06	149	299428
10	1634	1.3072e+06	1999	32338.2
12	442	353600	1999	16819
14	94	75200	1999	7756.29
16	31	24800	1999	4454.21
18	8	6400	1999	2262.74
20	5	4000	1999	1788.85
22	1	800	1999	800
24	0	0	1999	0
26	0	0	1999	0
28	0	0	1999	0
30	1	800	1999	800
32	0	0	1999	0
34	0	0	1999	0
36	0	0	1999	0
38	0	0	1999	0
40	0	0	1999	0
42	0	0	1999	0
44	0	0	1999	0
