# Number of sweeps:25
# Match window:1999
# Search window:2007
# Reject offset:2088
# Bunch offset:2096
# Coarse rollover:4095
# Threshold: [100, 150, 1]
# Channel:17
#thr	hits	freq	window	error
-54	0	0	1999	0
-52	0	0	1999	0
-50	0	0	1999	0
-48	0	0	1999	0
-46	0	0	1999	0
-44	0	0	1999	0
-42	0	0	1999	0
-40	0	0	1999	0
-38	0	0	1999	0
-36	0	0	1999	0
-34	0	0	1999	0
-32	0	0	1999	0
-30	0	0	1999	0
-28	0	0	1999	0
-26	0	0	1999	0
-24	0	0	1999	0
-22	2	1600	1999	1131.37
-20	4	3200	1999	1600
-18	17	13600	1999	3298.48
-16	121	96800	1999	8800
-14	607	485600	1999	19709.9
-12	540	2.88e+06	299	123935
-10	968	1.03253e+07	149	331869
-8	1268	1.35253e+07	149	379829
-6	1275	1.36e+07	149	380876
-4	1276	1.36107e+07	149	381026
-2	1275	1.36e+07	149	380876
0	1275	1.36e+07	149	380876
2	1275	1.36e+07	149	380876
4	1275	1.36e+07	149	380876
6	1276	1.36107e+07	149	381026
8	1056	1.1264e+07	149	346626
10	837	4.464e+06	299	154298
12	2090	1.672e+06	1999	36573.2
14	743	594400	1999	21806.4
16	290	232000	1999	13623.5
18	85	68000	1999	7375.64
20	28	22400	1999	4233.2
22	4	3200	1999	1600
24	2	1600	1999	1131.37
26	0	0	1999	0
28	0	0	1999	0
30	0	0	1999	0
32	0	0	1999	0
34	0	0	1999	0
36	0	0	1999	0
38	0	0	1999	0
40	0	0	1999	0
42	0	0	1999	0
44	0	0	1999	0
