# Number of sweeps:25
# Match window:1999
# Search window:2007
# Reject offset:2088
# Bunch offset:2096
# Coarse rollover:4095
# Threshold: [100, 150, 1]
# Channel:12
#thr	hits	freq	window	error
-54	0	0	1999	0
-52	0	0	1999	0
-50	0	0	1999	0
-48	0	0	1999	0
-46	0	0	1999	0
-44	0	0	1999	0
-42	0	0	1999	0
-40	0	0	1999	0
-38	0	0	1999	0
-36	0	0	1999	0
-34	0	0	1999	0
-32	0	0	1999	0
-30	0	0	1999	0
-28	0	0	1999	0
-26	6	4800	1999	1959.59
-24	9	7200	1999	2400
-22	59	47200	1999	6144.92
-20	188	150400	1999	10969
-18	627	501600	1999	20032
-16	1625	1.3e+06	1999	32249
-14	721	3.84533e+06	299	143208
-12	1546	8.24533e+06	299	209702
-10	1240	1.32267e+07	149	375612
-8	1275	1.36e+07	149	380876
-6	1275	1.36e+07	149	380876
-4	1275	1.36e+07	149	380876
-2	1275	1.36e+07	149	380876
0	1275	1.36e+07	149	380876
2	1277	1.36213e+07	149	381175
4	1275	1.36e+07	149	380876
6	1276	1.36107e+07	149	381026
8	1029	1.0976e+07	149	342166
10	1383	1.1064e+06	1999	29751
12	221	176800	1999	11892.9
14	41	32800	1999	5122.5
16	12	9600	1999	2771.28
18	2	1600	1999	1131.37
20	1	800	1999	800
22	0	0	1999	0
24	0	0	1999	0
26	0	0	1999	0
28	0	0	1999	0
30	0	0	1999	0
32	0	0	1999	0
34	0	0	1999	0
36	0	0	1999	0
38	0	0	1999	0
40	0	0	1999	0
42	0	0	1999	0
44	0	0	1999	0
