# Number of sweeps:25
# Match window:1999
# Search window:2007
# Reject offset:2088
# Bunch offset:2096
# Coarse rollover:4095
# Threshold: [100, 150, 1]
# Channel:15
#thr	hits	freq	window	error
-54	0	0	1999	0
-52	0	0	1999	0
-50	0	0	1999	0
-48	0	0	1999	0
-46	0	0	1999	0
-44	0	0	1999	0
-42	0	0	1999	0
-40	0	0	1999	0
-38	0	0	1999	0
-36	0	0	1999	0
-34	0	0	1999	0
-32	0	0	1999	0
-30	0	0	1999	0
-28	0	0	1999	0
-26	0	0	1999	0
-24	1	800	1999	800
-22	0	0	1999	0
-20	1	800	1999	800
-18	3	2400	1999	1385.64
-16	56	44800	1999	5986.65
-14	370	296000	1999	15388.3
-12	1915	1.532e+06	1999	35008.6
-10	1261	6.72533e+06	299	189390
-8	1262	1.34613e+07	149	378929
-6	1273	1.35787e+07	149	380577
-4	1276	1.36107e+07	149	381026
-2	1276	1.36107e+07	149	381026
0	1275	1.36e+07	149	380876
2	1276	1.36107e+07	149	381026
4	1278	1.3632e+07	149	381324
6	1277	1.36213e+07	149	381175
8	1155	1.232e+07	149	362510
10	583	3.10933e+06	299	128775
12	1000	800000	1999	25298.2
14	273	218400	1999	13218.2
16	62	49600	1999	6299.21
18	14	11200	1999	2993.33
20	5	4000	1999	1788.85
22	0	0	1999	0
24	1	800	1999	800
26	0	0	1999	0
28	0	0	1999	0
30	0	0	1999	0
32	0	0	1999	0
34	0	0	1999	0
36	0	0	1999	0
38	0	0	1999	0
40	0	0	1999	0
42	0	0	1999	0
44	0	0	1999	0
