# Number of sweeps:25
# Match window:1999
# Search window:2007
# Reject offset:2088
# Bunch offset:2096
# Coarse rollover:4095
# Threshold: [100, 150, 1]
# Channel:2
#thr	hits	freq	window	error
-54	0	0	1999	0
-52	0	0	1999	0
-50	0	0	1999	0
-48	0	0	1999	0
-46	0	0	1999	0
-44	0	0	1999	0
-42	0	0	1999	0
-40	0	0	1999	0
-38	0	0	1999	0
-36	0	0	1999	0
-34	0	0	1999	0
-32	0	0	1999	0
-30	0	0	1999	0
-28	0	0	1999	0
-26	2	1600	1999	1131.37
-24	6	4800	1999	1959.59
-22	16	12800	1999	3200
-20	52	41600	1999	5768.88
-18	169	135200	1999	10400
-16	484	387200	1999	17600
-14	1235	988000	1999	28114.1
-12	569	3.03467e+06	299	127220
-10	1191	6.352e+06	299	184058
-8	1153	1.22987e+07	149	362196
-6	1271	1.35573e+07	149	380278
-4	1274	1.35893e+07	149	380727
-2	1275	1.36e+07	149	380876
0	1276	1.36107e+07	149	381026
2	1276	1.36107e+07	149	381026
4	1275	1.36e+07	149	380876
6	1275	1.36e+07	149	380876
8	1274	1.35893e+07	149	380727
10	1276	1.36107e+07	149	381026
12	1073	1.14453e+07	149	349405
14	518	2.76267e+06	299	121385
16	813	650400	1999	22810.5
18	229	183200	1999	12106.2
20	76	60800	1999	6974.24
22	26	20800	1999	4079.22
24	5	4000	1999	1788.85
26	0	0	1999	0
28	0	0	1999	0
30	0	0	1999	0
32	0	0	1999	0
34	0	0	1999	0
36	0	0	1999	0
38	0	0	1999	0
40	0	0	1999	0
42	0	0	1999	0
44	0	0	1999	0
