# Number of sweeps:25
# Match window:1999
# Search window:2007
# Reject offset:2088
# Bunch offset:2096
# Coarse rollover:4095
# Threshold: [100, 150, 1]
# Channel:1
#thr	hits	freq	window	error
-54	0	0	1999	0
-52	0	0	1999	0
-50	0	0	1999	0
-48	0	0	1999	0
-46	0	0	1999	0
-44	0	0	1999	0
-42	0	0	1999	0
-40	0	0	1999	0
-38	0	0	1999	0
-36	0	0	1999	0
-34	0	0	1999	0
-32	0	0	1999	0
-30	0	0	1999	0
-28	0	0	1999	0
-26	0	0	1999	0
-24	0	0	1999	0
-22	3	2400	1999	1385.64
-20	13	10400	1999	2884.44
-18	33	26400	1999	4595.65
-16	161	128800	1999	10150.9
-14	413	330400	1999	16257.9
-12	1220	976000	1999	27942.8
-10	613	3.26933e+06	299	132047
-8	1488	7.936e+06	299	205731
-6	1248	1.3312e+07	149	376822
-4	1271	1.35573e+07	149	380278
-2	1275	1.36e+07	149	380876
0	1275	1.36e+07	149	380876
2	1275	1.36e+07	149	380876
4	1275	1.36e+07	149	380876
6	1276	1.36107e+07	149	381026
8	1276	1.36107e+07	149	381026
10	1274	1.35893e+07	149	380727
12	1108	1.18187e+07	149	355057
14	714	3.808e+06	299	142511
16	1430	1.144e+06	1999	30252.3
18	531	424800	1999	18434.7
20	171	136800	1999	10461.4
22	64	51200	1999	6400
24	18	14400	1999	3394.11
26	2	1600	1999	1131.37
28	1	800	1999	800
30	0	0	1999	0
32	0	0	1999	0
34	0	0	1999	0
36	0	0	1999	0
38	0	0	1999	0
40	0	0	1999	0
42	0	0	1999	0
44	0	0	1999	0
