# Number of sweeps:25
# Match window:1999
# Search window:2007
# Reject offset:2088
# Bunch offset:2096
# Coarse rollover:4095
# Threshold: [100, 150, 1]
# Channel:22
#thr	hits	freq	window	error
-54	0	0	1999	0
-52	0	0	1999	0
-50	0	0	1999	0
-48	0	0	1999	0
-46	0	0	1999	0
-44	0	0	1999	0
-42	0	0	1999	0
-40	0	0	1999	0
-38	0	0	1999	0
-36	0	0	1999	0
-34	1	800	1999	800
-32	8	6400	1999	2262.74
-30	15	12000	1999	3098.39
-28	72	57600	1999	6788.23
-26	225	180000	1999	12000
-24	638	510400	1999	20206.9
-22	1577	1.2616e+06	1999	31769.2
-20	608	3.24267e+06	299	131508
-18	1144	6.10133e+06	299	180390
-16	1065	1.136e+07	149	348100
-14	1274	1.35893e+07	149	380727
-12	1272	1.3568e+07	149	380428
-10	1277	1.36213e+07	149	381175
-8	1276	1.36107e+07	149	381026
-6	1275	1.36e+07	149	380876
-4	1275	1.36e+07	149	380876
-2	1275	1.36e+07	149	380876
0	1275	1.36e+07	149	380876
2	1275	1.36e+07	149	380876
4	1275	1.36e+07	149	380876
6	1275	1.36e+07	149	380876
8	584	6.22933e+06	149	257772
10	188	150400	1999	10969
12	9	7200	1999	2400
14	4	3200	1999	1600
16	0	0	1999	0
18	0	0	1999	0
20	0	0	1999	0
22	0	0	1999	0
24	0	0	1999	0
26	0	0	1999	0
28	0	0	1999	0
30	0	0	1999	0
32	0	0	1999	0
34	0	0	1999	0
36	0	0	1999	0
38	0	0	1999	0
40	0	0	1999	0
42	0	0	1999	0
44	0	0	1999	0
