# Number of sweeps:25
# Match window:1999
# Search window:2007
# Reject offset:2088
# Bunch offset:2096
# Coarse rollover:4095
# Threshold: [100, 150, 1]
# Channel:23
#thr	hits	freq	window	error
-54	0	0	1999	0
-52	0	0	1999	0
-50	0	0	1999	0
-48	0	0	1999	0
-46	0	0	1999	0
-44	0	0	1999	0
-42	0	0	1999	0
-40	0	0	1999	0
-38	0	0	1999	0
-36	0	0	1999	0
-34	0	0	1999	0
-32	0	0	1999	0
-30	0	0	1999	0
-28	0	0	1999	0
-26	0	0	1999	0
-24	1	800	1999	800
-22	1	800	1999	800
-20	4	3200	1999	1600
-18	38	30400	1999	4931.53
-16	220	176000	1999	11865.9
-14	1234	987200	1999	28102.7
-12	949	5.06133e+06	299	164298
-10	1149	1.2256e+07	149	361567
-8	1275	1.36e+07	149	380876
-6	1275	1.36e+07	149	380876
-4	1273	1.35787e+07	149	380577
-2	1275	1.36e+07	149	380876
0	1275	1.36e+07	149	380876
2	1274	1.35893e+07	149	380727
4	1275	1.36e+07	149	380876
6	1275	1.36e+07	149	380876
8	998	1.06453e+07	149	336972
10	619	3.30133e+06	299	132692
12	1165	932000	1999	27305.7
14	382	305600	1999	15635.9
16	113	90400	1999	8504.12
18	34	27200	1999	4664.76
20	11	8800	1999	2653.3
22	1	800	1999	800
24	0	0	1999	0
26	0	0	1999	0
28	0	0	1999	0
30	0	0	1999	0
32	0	0	1999	0
34	0	0	1999	0
36	0	0	1999	0
38	0	0	1999	0
40	0	0	1999	0
42	0	0	1999	0
44	0	0	1999	0
