# Number of sweeps:25
# Match window:1999
# Search window:2007
# Reject offset:2088
# Bunch offset:2096
# Coarse rollover:4095
# Threshold: [100, 150, 1]
# Channel:18
#thr	hits	freq	window	error
-54	0	0	1999	0
-52	0	0	1999	0
-50	0	0	1999	0
-48	0	0	1999	0
-46	0	0	1999	0
-44	0	0	1999	0
-42	0	0	1999	0
-40	0	0	1999	0
-38	0	0	1999	0
-36	0	0	1999	0
-34	0	0	1999	0
-32	0	0	1999	0
-30	0	0	1999	0
-28	0	0	1999	0
-26	0	0	1999	0
-24	3	2400	1999	1385.64
-22	7	5600	1999	2116.6
-20	33	26400	1999	4595.65
-18	135	108000	1999	9295.16
-16	507	405600	1999	18013.3
-14	1814	1.4512e+06	1999	34072.9
-12	1010	5.38667e+06	299	169496
-10	1214	1.29493e+07	149	371653
-8	1272	1.3568e+07	149	380428
-6	1274	1.35893e+07	149	380727
-4	1275	1.36e+07	149	380876
-2	1275	1.36e+07	149	380876
0	1275	1.36e+07	149	380876
2	1275	1.36e+07	149	380876
4	1275	1.36e+07	149	380876
6	1273	1.35787e+07	149	380577
8	1040	1.10933e+07	149	343990
10	827	4.41067e+06	299	153374
12	1942	1.5536e+06	1999	35254.5
14	708	566400	1999	21286.6
16	244	195200	1999	12496.4
18	119	95200	1999	8726.97
20	35	28000	1999	4732.86
22	8	6400	1999	2262.74
24	2	1600	1999	1131.37
26	0	0	1999	0
28	0	0	1999	0
30	0	0	1999	0
32	0	0	1999	0
34	0	0	1999	0
36	0	0	1999	0
38	0	0	1999	0
40	0	0	1999	0
42	0	0	1999	0
44	0	0	1999	0
