# Number of sweeps:25
# Match window:1999
# Search window:2007
# Reject offset:2088
# Bunch offset:2096
# Coarse rollover:4095
# Threshold: [100, 150, 1]
# Channel:4
#thr	hits	freq	window	error
-54	0	0	1999	0
-52	0	0	1999	0
-50	0	0	1999	0
-48	0	0	1999	0
-46	0	0	1999	0
-44	0	0	1999	0
-42	0	0	1999	0
-40	0	0	1999	0
-38	0	0	1999	0
-36	0	0	1999	0
-34	0	0	1999	0
-32	0	0	1999	0
-30	0	0	1999	0
-28	2	1600	1999	1131.37
-26	7	5600	1999	2116.6
-24	25	20000	1999	4000
-22	94	75200	1999	7756.29
-20	255	204000	1999	12775
-18	695	556000	1999	21090.3
-16	1798	1.4384e+06	1999	33922.3
-14	656	3.49867e+06	299	136600
-12	1259	6.71467e+06	299	189239
-10	1147	1.22347e+07	149	361252
-8	1272	1.3568e+07	149	380428
-6	1276	1.36107e+07	149	381026
-4	1276	1.36107e+07	149	381026
-2	1274	1.35893e+07	149	380727
0	1273	1.35787e+07	149	380577
2	1275	1.36e+07	149	380876
4	1276	1.36107e+07	149	381026
6	1275	1.36e+07	149	380876
8	1275	1.36e+07	149	380876
10	1276	1.36107e+07	149	381026
12	949	1.01227e+07	149	328596
14	1513	1.2104e+06	1999	31117.8
16	293	234400	1999	13693.8
18	64	51200	1999	6400
20	15	12000	1999	3098.39
22	3	2400	1999	1385.64
24	0	0	1999	0
26	0	0	1999	0
28	0	0	1999	0
30	0	0	1999	0
32	0	0	1999	0
34	0	0	1999	0
36	0	0	1999	0
38	0	0	1999	0
40	0	0	1999	0
42	0	0	1999	0
44	0	0	1999	0
