# Number of sweeps:25
# Match window:1999
# Search window:2007
# Reject offset:2088
# Bunch offset:2096
# Coarse rollover:4095
# Threshold: [100, 150, 1]
# Channel:13
#thr	hits	freq	window	error
-54	0	0	1999	0
-52	0	0	1999	0
-50	0	0	1999	0
-48	0	0	1999	0
-46	0	0	1999	0
-44	0	0	1999	0
-42	0	0	1999	0
-40	0	0	1999	0
-38	0	0	1999	0
-36	0	0	1999	0
-34	0	0	1999	0
-32	0	0	1999	0
-30	0	0	1999	0
-28	0	0	1999	0
-26	1	800	1999	800
-24	5	4000	1999	1788.85
-22	19	15200	1999	3487.12
-20	75	60000	1999	6928.2
-18	278	222400	1999	13338.7
-16	943	754400	1999	24566.6
-14	552	2.944e+06	299	125305
-12	1208	6.44267e+06	299	185367
-10	1216	1.29707e+07	149	371959
-8	1281	1.3664e+07	149	381771
-6	1274	1.35893e+07	149	380727
-4	1275	1.36e+07	149	380876
-2	1274	1.35893e+07	149	380727
0	1275	1.36e+07	149	380876
2	1274	1.35893e+07	149	380727
4	1274	1.35893e+07	149	380727
6	1275	1.36e+07	149	380876
8	1203	1.2832e+07	149	369966
10	502	2.67733e+06	299	119495
12	646	516800	1999	20333.2
14	169	135200	1999	10400
16	53	42400	1999	5824.09
18	18	14400	1999	3394.11
20	1	800	1999	800
22	1	800	1999	800
24	0	0	1999	0
26	0	0	1999	0
28	0	0	1999	0
30	0	0	1999	0
32	0	0	1999	0
34	0	0	1999	0
36	0	0	1999	0
38	0	0	1999	0
40	0	0	1999	0
42	0	0	1999	0
44	0	0	1999	0
