# Number of sweeps:25
# Match window:1999
# Search window:2007
# Reject offset:2088
# Bunch offset:2096
# Coarse rollover:4095
# Threshold: [100, 150, 1]
# Channel:5
#thr	hits	freq	window	error
-54	0	0	1999	0
-52	0	0	1999	0
-50	0	0	1999	0
-48	0	0	1999	0
-46	0	0	1999	0
-44	0	0	1999	0
-42	0	0	1999	0
-40	0	0	1999	0
-38	0	0	1999	0
-36	0	0	1999	0
-34	0	0	1999	0
-32	0	0	1999	0
-30	0	0	1999	0
-28	0	0	1999	0
-26	2	1600	1999	1131.37
-24	2	1600	1999	1131.37
-22	6	4800	1999	1959.59
-20	48	38400	1999	5542.56
-18	131	104800	1999	9156.42
-16	460	368000	1999	17158.1
-14	1338	1.0704e+06	1999	29262.9
-12	600	3.2e+06	299	130639
-10	1428	7.616e+06	299	201541
-8	1232	1.31413e+07	149	374398
-6	1276	1.36107e+07	149	381026
-4	1275	1.36e+07	149	380876
-2	1275	1.36e+07	149	380876
0	1275	1.36e+07	149	380876
2	1275	1.36e+07	149	380876
4	1276	1.36107e+07	149	381026
6	1274	1.35893e+07	149	380727
8	1276	1.36107e+07	149	381026
10	1277	1.36213e+07	149	381175
12	1019	1.08693e+07	149	340499
14	571	3.04533e+06	299	127443
16	913	730400	1999	24172.7
18	252	201600	1999	12699.6
20	60	48000	1999	6196.77
22	15	12000	1999	3098.39
24	2	1600	1999	1131.37
26	0	0	1999	0
28	0	0	1999	0
30	0	0	1999	0
32	0	0	1999	0
34	0	0	1999	0
36	0	0	1999	0
38	0	0	1999	0
40	0	0	1999	0
42	0	0	1999	0
44	0	0	1999	0
