# Number of sweeps:25
# Match window:1999
# Search window:2007
# Reject offset:2088
# Bunch offset:2096
# Coarse rollover:4095
# Threshold: [100, 150, 1]
# Channel:11
#thr	hits	freq	window	error
-54	0	0	1999	0
-52	0	0	1999	0
-50	0	0	1999	0
-48	0	0	1999	0
-46	0	0	1999	0
-44	0	0	1999	0
-42	0	0	1999	0
-40	0	0	1999	0
-38	0	0	1999	0
-36	0	0	1999	0
-34	0	0	1999	0
-32	0	0	1999	0
-30	0	0	1999	0
-28	0	0	1999	0
-26	0	0	1999	0
-24	0	0	1999	0
-22	1	800	1999	800
-20	3	2400	1999	1385.64
-18	11	8800	1999	2653.3
-16	49	39200	1999	5600
-14	268	214400	1999	13096.6
-12	1179	943200	1999	27469.3
-10	944	5.03467e+06	299	163864
-8	1220	1.30133e+07	149	372571
-6	1274	1.35893e+07	149	380727
-4	1275	1.36e+07	149	380876
-2	1274	1.35893e+07	149	380727
0	1274	1.35893e+07	149	380727
2	1275	1.36e+07	149	380876
4	1275	1.36e+07	149	380876
6	1274	1.35893e+07	149	380727
8	1277	1.36213e+07	149	381175
10	1261	1.34507e+07	149	378779
12	1101	1.1744e+07	149	353934
14	1403	7.48267e+06	299	199769
16	882	4.704e+06	299	158392
18	512	2.73067e+06	299	120680
20	1595	1.276e+06	1999	31950
22	782	625600	1999	22371.4
24	323	258400	1999	14377.8
26	120	96000	1999	8763.56
28	36	28800	1999	4800
30	15	12000	1999	3098.39
32	2	1600	1999	1131.37
34	0	0	1999	0
36	0	0	1999	0
38	0	0	1999	0
40	0	0	1999	0
42	0	0	1999	0
44	0	0	1999	0
