# Number of sweeps:25
# Match window:1999
# Search window:2007
# Reject offset:2088
# Bunch offset:2096
# Coarse rollover:4095
# Threshold: [100, 150, 1]
# Channel:8
#thr	hits	freq	window	error
-54	0	0	1999	0
-52	0	0	1999	0
-50	0	0	1999	0
-48	0	0	1999	0
-46	0	0	1999	0
-44	0	0	1999	0
-42	0	0	1999	0
-40	0	0	1999	0
-38	0	0	1999	0
-36	0	0	1999	0
-34	0	0	1999	0
-32	0	0	1999	0
-30	0	0	1999	0
-28	0	0	1999	0
-26	1	800	1999	800
-24	3	2400	1999	1385.64
-22	15	12000	1999	3098.39
-20	79	63200	1999	7110.56
-18	239	191200	1999	12367.7
-16	696	556800	1999	21105.4
-14	1737	1.3896e+06	1999	33341.9
-12	657	3.504e+06	299	136704
-10	1482	7.904e+06	299	205316
-8	1239	1.3216e+07	149	375461
-6	1277	1.36213e+07	149	381175
-4	1275	1.36e+07	149	380876
-2	1274	1.35893e+07	149	380727
0	1275	1.36e+07	149	380876
2	1274	1.35893e+07	149	380727
4	1275	1.36e+07	149	380876
6	1277	1.36213e+07	149	381175
8	1151	1.22773e+07	149	361881
10	490	2.61333e+06	299	118058
12	1085	868000	1999	26351.5
14	407	325600	1999	16139.4
16	139	111200	1999	9431.86
18	46	36800	1999	5425.86
20	21	16800	1999	3666.06
22	3	2400	1999	1385.64
24	0	0	1999	0
26	0	0	1999	0
28	0	0	1999	0
30	0	0	1999	0
32	0	0	1999	0
34	0	0	1999	0
36	0	0	1999	0
38	0	0	1999	0
40	0	0	1999	0
42	0	0	1999	0
44	0	0	1999	0
