# Number of sweeps:25
# Match window:1999
# Search window:2007
# Reject offset:2088
# Bunch offset:2096
# Coarse rollover:4095
# Threshold: [100, 150, 1]
# Channel:10
#thr	hits	freq	window	error
-54	0	0	1999	0
-52	0	0	1999	0
-50	0	0	1999	0
-48	0	0	1999	0
-46	0	0	1999	0
-44	0	0	1999	0
-42	0	0	1999	0
-40	0	0	1999	0
-38	0	0	1999	0
-36	0	0	1999	0
-34	0	0	1999	0
-32	0	0	1999	0
-30	0	0	1999	0
-28	1	800	1999	800
-26	2	1600	1999	1131.37
-24	14	11200	1999	2993.33
-22	40	32000	1999	5059.64
-20	143	114400	1999	9566.61
-18	458	366400	1999	17120.7
-16	1382	1.1056e+06	1999	29740.2
-14	578	3.08267e+06	299	128222
-12	1195	6.37333e+06	299	184367
-10	1156	1.23307e+07	149	362667
-8	1277	1.36213e+07	149	381175
-6	1275	1.36e+07	149	380876
-4	1275	1.36e+07	149	380876
-2	1274	1.35893e+07	149	380727
0	1275	1.36e+07	149	380876
2	1275	1.36e+07	149	380876
4	1275	1.36e+07	149	380876
6	1276	1.36107e+07	149	381026
8	1089	1.1616e+07	149	352000
10	485	2.58667e+06	299	117454
12	842	673600	1999	23213.8
14	261	208800	1999	12924.4
16	94	75200	1999	7756.29
18	36	28800	1999	4800
20	7	5600	1999	2116.6
22	3	2400	1999	1385.64
24	0	0	1999	0
26	0	0	1999	0
28	0	0	1999	0
30	0	0	1999	0
32	0	0	1999	0
34	0	0	1999	0
36	0	0	1999	0
38	0	0	1999	0
40	0	0	1999	0
42	0	0	1999	0
44	0	0	1999	0
