# Number of sweeps:25
# Match window:1999
# Search window:2007
# Reject offset:2088
# Bunch offset:2096
# Coarse rollover:4095
# Threshold: [100, 150, 1]
# Channel:3
#thr	hits	freq	window	error
-54	0	0	1999	0
-52	0	0	1999	0
-50	0	0	1999	0
-48	0	0	1999	0
-46	0	0	1999	0
-44	0	0	1999	0
-42	0	0	1999	0
-40	0	0	1999	0
-38	0	0	1999	0
-36	0	0	1999	0
-34	0	0	1999	0
-32	0	0	1999	0
-30	0	0	1999	0
-28	0	0	1999	0
-26	0	0	1999	0
-24	2	1600	1999	1131.37
-22	2	1600	1999	1131.37
-20	11	8800	1999	2653.3
-18	69	55200	1999	6645.3
-16	260	208000	1999	12899.6
-14	807	645600	1999	22726.2
-12	473	2.52267e+06	299	115992
-10	1024	5.46133e+06	299	170667
-8	1110	1.184e+07	149	355378
-6	1276	1.36107e+07	149	381026
-4	1275	1.36e+07	149	380876
-2	1273	1.35787e+07	149	380577
0	1275	1.36e+07	149	380876
2	1276	1.36107e+07	149	381026
4	1275	1.36e+07	149	380876
6	1272	1.3568e+07	149	380428
8	1276	1.36107e+07	149	381026
10	1276	1.36107e+07	149	381026
12	1074	1.1456e+07	149	349567
14	568	3.02933e+06	299	127108
16	874	699200	1999	23650.8
18	230	184000	1999	12132.6
20	60	48000	1999	6196.77
22	13	10400	1999	2884.44
24	3	2400	1999	1385.64
26	0	0	1999	0
28	0	0	1999	0
30	0	0	1999	0
32	0	0	1999	0
34	0	0	1999	0
36	0	0	1999	0
38	0	0	1999	0
40	0	0	1999	0
42	0	0	1999	0
44	0	0	1999	0
