# Number of sweeps:25
# Match window:1999
# Search window:2007
# Reject offset:2088
# Bunch offset:2096
# Coarse rollover:4095
# Threshold: [100, 150, 1]
# Channel:20
#thr	hits	freq	window	error
-54	0	0	1999	0
-52	0	0	1999	0
-50	0	0	1999	0
-48	0	0	1999	0
-46	0	0	1999	0
-44	0	0	1999	0
-42	0	0	1999	0
-40	0	0	1999	0
-38	0	0	1999	0
-36	0	0	1999	0
-34	0	0	1999	0
-32	2	1600	1999	1131.37
-30	3	2400	1999	1385.64
-28	23	18400	1999	3836.67
-26	49	39200	1999	5600
-24	171	136800	1999	10461.4
-22	529	423200	1999	18400
-20	1437	1.1496e+06	1999	30326.2
-18	559	2.98133e+06	299	126097
-16	1176	6.272e+06	299	182895
-14	1109	1.18293e+07	149	355218
-12	1271	1.35573e+07	149	380278
-10	1277	1.36213e+07	149	381175
-8	1277	1.36213e+07	149	381175
-6	1275	1.36e+07	149	380876
-4	1275	1.36e+07	149	380876
-2	1276	1.36107e+07	149	381026
0	1275	1.36e+07	149	380876
2	1275	1.36e+07	149	380876
4	1275	1.36e+07	149	380876
6	1273	1.35787e+07	149	380577
8	620	6.61333e+06	149	265598
10	344	275200	1999	14837.8
12	32	25600	1999	4525.48
14	10	8000	1999	2529.82
16	3	2400	1999	1385.64
18	1	800	1999	800
20	0	0	1999	0
22	0	0	1999	0
24	0	0	1999	0
26	0	0	1999	0
28	0	0	1999	0
30	0	0	1999	0
32	0	0	1999	0
34	0	0	1999	0
36	0	0	1999	0
38	0	0	1999	0
40	0	0	1999	0
42	0	0	1999	0
44	0	0	1999	0
