# Number of sweeps:25
# Match window:1999
# Search window:2007
# Reject offset:2088
# Bunch offset:2096
# Coarse rollover:4095
# Threshold: [100, 150, 1]
# Channel:16
#thr	hits	freq	window	error
-54	0	0	1999	0
-52	0	0	1999	0
-50	0	0	1999	0
-48	0	0	1999	0
-46	0	0	1999	0
-44	0	0	1999	0
-42	0	0	1999	0
-40	0	0	1999	0
-38	0	0	1999	0
-36	0	0	1999	0
-34	0	0	1999	0
-32	0	0	1999	0
-30	0	0	1999	0
-28	0	0	1999	0
-26	0	0	1999	0
-24	3	2400	1999	1385.64
-22	12	9600	1999	2771.28
-20	47	37600	1999	5484.52
-18	166	132800	1999	10307.3
-16	614	491200	1999	19823.2
-14	1846	1.4768e+06	1999	34372.1
-12	899	4.79467e+06	299	159911
-10	1067	1.13813e+07	149	348426
-8	1273	1.35787e+07	149	380577
-6	1277	1.36213e+07	149	381175
-4	1275	1.36e+07	149	380876
-2	1275	1.36e+07	149	380876
0	1275	1.36e+07	149	380876
2	1275	1.36e+07	149	380876
4	1275	1.36e+07	149	380876
6	1268	1.35253e+07	149	379829
8	1244	6.63467e+06	299	188109
10	771	616800	1999	22213.5
12	210	168000	1999	11593.1
14	62	49600	1999	6299.21
16	23	18400	1999	3836.67
18	6	4800	1999	1959.59
20	1	800	1999	800
22	0	0	1999	0
24	0	0	1999	0
26	0	0	1999	0
28	0	0	1999	0
30	0	0	1999	0
32	0	0	1999	0
34	0	0	1999	0
36	0	0	1999	0
38	0	0	1999	0
40	0	0	1999	0
42	0	0	1999	0
44	0	0	1999	0
