# Number of sweeps:25
# Match window:1999
# Search window:2007
# Reject offset:2088
# Bunch offset:2096
# Coarse rollover:4095
# Threshold: [100, 150, 1]
# Channel:7
#thr	hits	freq	window	error
-54	0	0	1999	0
-52	0	0	1999	0
-50	0	0	1999	0
-48	0	0	1999	0
-46	0	0	1999	0
-44	0	0	1999	0
-42	0	0	1999	0
-40	0	0	1999	0
-38	0	0	1999	0
-36	0	0	1999	0
-34	0	0	1999	0
-32	0	0	1999	0
-30	0	0	1999	0
-28	0	0	1999	0
-26	0	0	1999	0
-24	0	0	1999	0
-22	0	0	1999	0
-20	1	800	1999	800
-18	5	4000	1999	1788.85
-16	41	32800	1999	5122.5
-14	179	143200	1999	10703.3
-12	850	680000	1999	23323.8
-10	577	3.07733e+06	299	128111
-8	1627	8.67733e+06	299	215126
-6	1266	1.3504e+07	149	379530
-4	1274	1.35893e+07	149	380727
-2	1274	1.35893e+07	149	380727
0	1273	1.35787e+07	149	380577
2	1275	1.36e+07	149	380876
4	1275	1.36e+07	149	380876
6	1275	1.36e+07	149	380876
8	1276	1.36107e+07	149	381026
10	1273	1.35787e+07	149	380577
12	1121	1.19573e+07	149	357134
14	869	4.63467e+06	299	157220
16	1816	1.4528e+06	1999	34091.6
18	527	421600	1999	18365.2
20	161	128800	1999	10150.9
22	38	30400	1999	4931.53
24	6	4800	1999	1959.59
26	3	2400	1999	1385.64
28	0	0	1999	0
30	0	0	1999	0
32	0	0	1999	0
34	0	0	1999	0
36	0	0	1999	0
38	0	0	1999	0
40	0	0	1999	0
42	0	0	1999	0
44	0	0	1999	0
