# Number of sweeps:25
# Match window:31
# Search window:39
# Reject offset:3424
# Bunch offset:3464
# Coarse rollover:3563
# Threshold: [100, 150, 1]
# Channel:0
#thr	hits	freq	window	error
-54	0	0	1999	0
-52	0	0	1999	0
-50	0	0	1999	0
-48	0	0	1999	0
-46	0	0	1999	0
-44	0	0	1999	0
-42	0	0	1999	0
-40	0	0	1999	0
-38	0	0	1999	0
-36	0	0	1999	0
-34	0	0	1999	0
-32	0	0	1999	0
-30	0	0	1999	0
-28	0	0	1999	0
-26	0	0	1999	0
-24	1	800	1999	800
-22	6	4800	1999	1959.59
-20	38	30400	1999	4931.53
-18	112	89600	1999	8466.4
-16	314	251200	1999	14176
-14	786	628800	1999	22428.6
-12	1896	1.5168e+06	1999	34834.5
-10	661	3.52533e+06	299	137120
-8	1447	7.71733e+06	299	202877
-6	1244	1.32693e+07	149	376217
-4	1271	1.35573e+07	149	380278
-2	1274	1.35893e+07	149	380727
0	1275	1.36e+07	149	380876
2	1275	1.36e+07	149	380876
4	1275	1.36e+07	149	380876
6	1276	1.36107e+07	149	381026
8	1275	1.36e+07	149	380876
10	1272	1.3568e+07	149	380428
12	1012	1.07947e+07	149	339327
14	641	3.41867e+06	299	135029
16	1650	1.32e+06	1999	32496.2
18	714	571200	1999	21376.6
20	300	240000	1999	13856.4
22	122	97600	1999	8836.29
24	35	28000	1999	4732.86
26	14	11200	1999	2993.33
28	2	1600	1999	1131.37
30	1	800	1999	800
32	0	0	1999	0
34	0	0	1999	0
36	0	0	1999	0
38	0	0	1999	0
40	0	0	1999	0
42	0	0	1999	0
44	0	0	1999	0
