# Number of sweeps:25
# Match window:1999
# Search window:2007
# Reject offset:2088
# Bunch offset:2096
# Coarse rollover:4095
# Threshold: [100, 150, 1]
# Channel:14
#thr	hits	freq	window	error
-54	0	0	1999	0
-52	0	0	1999	0
-50	0	0	1999	0
-48	0	0	1999	0
-46	0	0	1999	0
-44	0	0	1999	0
-42	0	0	1999	0
-40	0	0	1999	0
-38	0	0	1999	0
-36	0	0	1999	0
-34	0	0	1999	0
-32	0	0	1999	0
-30	0	0	1999	0
-28	0	0	1999	0
-26	0	0	1999	0
-24	2	1600	1999	1131.37
-22	9	7200	1999	2400
-20	24	19200	1999	3919.18
-18	144	115200	1999	9600
-16	545	436000	1999	18676.2
-14	2048	1.6384e+06	1999	36203.9
-12	1034	5.51467e+06	299	171498
-10	1180	1.25867e+07	149	366412
-8	1278	1.3632e+07	149	381324
-6	1274	1.35893e+07	149	380727
-4	1275	1.36e+07	149	380876
-2	1276	1.36107e+07	149	381026
0	1277	1.36213e+07	149	381175
2	1274	1.35893e+07	149	380727
4	1276	1.36107e+07	149	381026
6	1276	1.36107e+07	149	381026
8	1135	1.21067e+07	149	359357
10	413	2.20267e+06	299	108386
12	464	371200	1999	17232.5
14	102	81600	1999	8079.6
16	26	20800	1999	4079.22
18	4	3200	1999	1600
20	1	800	1999	800
22	0	0	1999	0
24	0	0	1999	0
26	0	0	1999	0
28	0	0	1999	0
30	0	0	1999	0
32	0	0	1999	0
34	0	0	1999	0
36	0	0	1999	0
38	0	0	1999	0
40	0	0	1999	0
42	0	0	1999	0
44	0	0	1999	0
