# Number of sweeps:25
# Match window:1999
# Search window:2007
# Reject offset:2088
# Bunch offset:2096
# Coarse rollover:4095
# Threshold: [100, 150, 1]
# Channel:9
#thr	hits	freq	window	error
-54	0	0	1999	0
-52	0	0	1999	0
-50	0	0	1999	0
-48	0	0	1999	0
-46	0	0	1999	0
-44	0	0	1999	0
-42	0	0	1999	0
-40	0	0	1999	0
-38	0	0	1999	0
-36	0	0	1999	0
-34	0	0	1999	0
-32	2	1600	1999	1131.37
-30	2	1600	1999	1131.37
-28	4	3200	1999	1600
-26	16	12800	1999	3200
-24	71	56800	1999	6740.92
-22	196	156800	1999	11200
-20	531	424800	1999	18434.7
-18	1219	975200	1999	27931.3
-16	489	2.608e+06	299	117938
-14	877	4.67733e+06	299	157942
-12	1601	8.53867e+06	299	213400
-10	1236	1.3184e+07	149	375006
-8	1272	1.3568e+07	149	380428
-6	1274	1.35893e+07	149	380727
-4	1274	1.35893e+07	149	380727
-2	1274	1.35893e+07	149	380727
0	1275	1.36e+07	149	380876
2	1275	1.36e+07	149	380876
4	1275	1.36e+07	149	380876
6	1275	1.36e+07	149	380876
8	1092	1.1648e+07	149	352485
10	382	2.03733e+06	299	104239
12	649	519200	1999	20380.4
14	244	195200	1999	12496.4
16	71	56800	1999	6740.92
18	18	14400	1999	3394.11
20	8	6400	1999	2262.74
22	3	2400	1999	1385.64
24	0	0	1999	0
26	0	0	1999	0
28	0	0	1999	0
30	0	0	1999	0
32	0	0	1999	0
34	0	0	1999	0
36	0	0	1999	0
38	0	0	1999	0
40	0	0	1999	0
42	0	0	1999	0
44	0	0	1999	0
