# Number of sweeps:25
# Match window:1999
# Search window:2007
# Reject offset:2088
# Bunch offset:2096
# Coarse rollover:4095
# Threshold: [100, 150, 1]
# Channel:6
#thr	hits	freq	window	error
-54	0	0	1999	0
-52	0	0	1999	0
-50	0	0	1999	0
-48	0	0	1999	0
-46	0	0	1999	0
-44	0	0	1999	0
-42	0	0	1999	0
-40	0	0	1999	0
-38	0	0	1999	0
-36	0	0	1999	0
-34	0	0	1999	0
-32	0	0	1999	0
-30	0	0	1999	0
-28	0	0	1999	0
-26	0	0	1999	0
-24	1	800	1999	800
-22	2	1600	1999	1131.37
-20	22	17600	1999	3752.33
-18	66	52800	1999	6499.23
-16	312	249600	1999	14130.8
-14	1033	826400	1999	25712.3
-12	524	2.79467e+06	299	122086
-10	1267	6.75733e+06	299	189840
-8	1214	1.29493e+07	149	371653
-6	1272	1.3568e+07	149	380428
-4	1275	1.36e+07	149	380876
-2	1273	1.35787e+07	149	380577
0	1274	1.35893e+07	149	380727
2	1274	1.35893e+07	149	380727
4	1275	1.36e+07	149	380876
6	1275	1.36e+07	149	380876
8	1276	1.36107e+07	149	381026
10	1276	1.36107e+07	149	381026
12	1121	1.19573e+07	149	357134
14	743	3.96267e+06	299	145376
16	1387	1.1096e+06	1999	29794
18	391	312800	1999	15819
20	112	89600	1999	8466.4
22	32	25600	1999	4525.48
24	6	4800	1999	1959.59
26	1	800	1999	800
28	0	0	1999	0
30	0	0	1999	0
32	0	0	1999	0
34	0	0	1999	0
36	0	0	1999	0
38	0	0	1999	0
40	0	0	1999	0
42	0	0	1999	0
44	0	0	1999	0
