# Number of sweeps:20
# Match window:1999
# Search window:2007
# Reject offset:2088
# Bunch offset:2096
# Coarse rollover:4095
# Threshold: [90, 160, 1]
# Channel:9
#thr	hits	freq	window	error
-74	0	0	1999	0
-72	0	0	1999	0
-70	0	0	1999	0
-68	0	0	1999	0
-66	0	0	1999	0
-64	0	0	1999	0
-62	0	0	1999	0
-60	0	0	1999	0
-58	0	0	1999	0
-56	0	0	1999	0
-54	0	0	1999	0
-52	0	0	1999	0
-50	0	0	1999	0
-48	0	0	1999	0
-46	0	0	1999	0
-44	0	0	1999	0
-42	0	0	1999	0
-40	0	0	1999	0
-38	0	0	1999	0
-36	0	0	1999	0
-34	0	0	1999	0
-32	0	0	1999	0
-30	0	0	1999	0
-28	0	0	1999	0
-26	0	0	1999	0
-24	4	4000	1999	2000
-22	7	7000	1999	2645.75
-20	25	25000	1999	5000
-18	63	63000	1999	7937.25
-16	209	209000	1999	14456.8
-14	576	576000	1999	24000
-12	1365	1.365e+06	1999	36945.9
-10	1605	3.21e+06	999	80124.9
-8	895	7.16e+06	249	239332
-6	1403	1.1224e+07	249	299653
-4	784	1.2544e+07	124	448000
-2	772	1.2352e+07	124	444558
0	776	1.2416e+07	124	445708
2	1108	8.864e+06	249	266293
4	1496	1.496e+06	1999	38678.2
6	276	276000	1999	16613.2
8	69	69000	1999	8306.62
10	17	17000	1999	4123.11
12	6	6000	1999	2449.49
14	1	1000	1999	1000
16	0	0	1999	0
18	0	0	1999	0
20	0	0	1999	0
22	0	0	1999	0
24	0	0	1999	0
26	0	0	1999	0
28	0	0	1999	0
30	0	0	1999	0
32	0	0	1999	0
34	0	0	1999	0
36	0	0	1999	0
38	0	0	1999	0
40	0	0	1999	0
42	0	0	1999	0
44	0	0	1999	0
46	0	0	1999	0
48	0	0	1999	0
50	0	0	1999	0
52	0	0	1999	0
54	0	0	1999	0
56	0	0	1999	0
58	0	0	1999	0
60	0	0	1999	0
62	0	0	1999	0
64	0	0	1999	0
