# Number of sweeps:20
# Match window:1999
# Search window:2007
# Reject offset:2088
# Bunch offset:2096
# Coarse rollover:4095
# Threshold: [90, 160, 1]
# Channel:13
#thr	hits	freq	window	error
-74	0	0	1999	0
-72	0	0	1999	0
-70	0	0	1999	0
-68	0	0	1999	0
-66	0	0	1999	0
-64	0	0	1999	0
-62	0	0	1999	0
-60	0	0	1999	0
-58	0	0	1999	0
-56	0	0	1999	0
-54	0	0	1999	0
-52	0	0	1999	0
-50	0	0	1999	0
-48	0	0	1999	0
-46	0	0	1999	0
-44	0	0	1999	0
-42	0	0	1999	0
-40	0	0	1999	0
-38	0	0	1999	0
-36	0	0	1999	0
-34	0	0	1999	0
-32	0	0	1999	0
-30	0	0	1999	0
-28	1	1000	1999	1000
-26	2	2000	1999	1414.21
-24	9	9000	1999	3000
-22	20	20000	1999	4472.14
-20	53	53000	1999	7280.11
-18	172	172000	1999	13114.9
-16	390	390000	1999	19748.4
-14	1002	1.002e+06	1999	31654.4
-12	1165	2.33e+06	999	68264.2
-10	1277	5.108e+06	499	142941
-8	1185	9.48e+06	249	275391
-6	810	1.296e+07	124	455368
-4	820	1.312e+07	124	458170
-2	830	1.328e+07	124	460956
0	819	1.3104e+07	124	457891
2	1091	8.728e+06	249	264242
4	1423	2.846e+06	999	75445.3
6	626	626000	1999	25020
8	181	181000	1999	13453.6
10	59	59000	1999	7681.15
12	16	16000	1999	4000
14	5	5000	1999	2236.07
16	0	0	1999	0
18	0	0	1999	0
20	0	0	1999	0
22	0	0	1999	0
24	0	0	1999	0
26	0	0	1999	0
28	0	0	1999	0
30	0	0	1999	0
32	0	0	1999	0
34	0	0	1999	0
36	0	0	1999	0
38	0	0	1999	0
40	0	0	1999	0
42	0	0	1999	0
44	0	0	1999	0
46	0	0	1999	0
48	0	0	1999	0
50	0	0	1999	0
52	0	0	1999	0
54	0	0	1999	0
56	0	0	1999	0
58	0	0	1999	0
60	0	0	1999	0
62	0	0	1999	0
64	0	0	1999	0
