# Number of sweeps:20
# Match window:1999
# Search window:2007
# Reject offset:2088
# Bunch offset:2096
# Coarse rollover:4095
# Threshold: [90, 160, 1]
# Channel:21
#thr	hits	freq	window	error
-74	0	0	1999	0
-72	0	0	1999	0
-70	0	0	1999	0
-68	0	0	1999	0
-66	0	0	1999	0
-64	0	0	1999	0
-62	0	0	1999	0
-60	0	0	1999	0
-58	0	0	1999	0
-56	0	0	1999	0
-54	0	0	1999	0
-52	0	0	1999	0
-50	0	0	1999	0
-48	0	0	1999	0
-46	0	0	1999	0
-44	0	0	1999	0
-42	0	0	1999	0
-40	0	0	1999	0
-38	0	0	1999	0
-36	0	0	1999	0
-34	0	0	1999	0
-32	0	0	1999	0
-30	0	0	1999	0
-28	0	0	1999	0
-26	0	0	1999	0
-24	0	0	1999	0
-22	0	0	1999	0
-20	1	1000	1999	1000
-18	2	2000	1999	1414.21
-16	18	18000	1999	4242.64
-14	161	161000	1999	12688.6
-12	1501	1.501e+06	1999	38742.7
-10	923	7.384e+06	249	243047
-8	773	1.2368e+07	124	444846
-6	827	1.3232e+07	124	460122
-4	829	1.3264e+07	124	460678
-2	822	1.3152e+07	124	458729
0	757	1.2112e+07	124	440218
2	876	7.008e+06	249	236778
4	675	2.7e+06	499	103923
6	1159	1.159e+06	1999	34044.1
8	459	459000	1999	21424.3
10	140	140000	1999	11832.2
12	49	49000	1999	7000
14	12	12000	1999	3464.1
16	2	2000	1999	1414.21
18	2	2000	1999	1414.21
20	0	0	1999	0
22	0	0	1999	0
24	0	0	1999	0
26	0	0	1999	0
28	0	0	1999	0
30	0	0	1999	0
32	0	0	1999	0
34	0	0	1999	0
36	0	0	1999	0
38	0	0	1999	0
40	0	0	1999	0
42	0	0	1999	0
44	0	0	1999	0
46	0	0	1999	0
48	0	0	1999	0
50	0	0	1999	0
52	0	0	1999	0
54	0	0	1999	0
56	0	0	1999	0
58	0	0	1999	0
60	0	0	1999	0
62	0	0	1999	0
64	0	0	1999	0
