# Number of sweeps:20
# Match window:1999
# Search window:2007
# Reject offset:2088
# Bunch offset:2096
# Coarse rollover:4095
# Threshold: [90, 160, 1]
# Channel:10
#thr	hits	freq	window	error
-74	0	0	1999	0
-72	0	0	1999	0
-70	0	0	1999	0
-68	0	0	1999	0
-66	0	0	1999	0
-64	0	0	1999	0
-62	0	0	1999	0
-60	0	0	1999	0
-58	0	0	1999	0
-56	0	0	1999	0
-54	0	0	1999	0
-52	0	0	1999	0
-50	0	0	1999	0
-48	0	0	1999	0
-46	0	0	1999	0
-44	0	0	1999	0
-42	0	0	1999	0
-40	0	0	1999	0
-38	0	0	1999	0
-36	0	0	1999	0
-34	0	0	1999	0
-32	0	0	1999	0
-30	0	0	1999	0
-28	0	0	1999	0
-26	0	0	1999	0
-24	0	0	1999	0
-22	2	2000	1999	1414.21
-20	2	2000	1999	1414.21
-18	11	11000	1999	3316.62
-16	30	30000	1999	5477.23
-14	97	97000	1999	9848.86
-12	315	315000	1999	17748.2
-10	1003	1.003e+06	1999	31670.2
-8	1531	3.062e+06	999	78256
-6	895	7.16e+06	249	239332
-4	773	1.2368e+07	124	444846
-2	827	1.3232e+07	124	460122
0	813	1.3008e+07	124	456210
2	691	1.1056e+07	124	420590
4	875	3.5e+06	499	118322
6	1094	1.094e+06	1999	33075.7
8	371	371000	1999	19261.4
10	108	108000	1999	10392.3
12	27	27000	1999	5196.15
14	13	13000	1999	3605.55
16	2	2000	1999	1414.21
18	0	0	1999	0
20	0	0	1999	0
22	0	0	1999	0
24	0	0	1999	0
26	0	0	1999	0
28	0	0	1999	0
30	0	0	1999	0
32	0	0	1999	0
34	0	0	1999	0
36	0	0	1999	0
38	0	0	1999	0
40	0	0	1999	0
42	0	0	1999	0
44	0	0	1999	0
46	0	0	1999	0
48	0	0	1999	0
50	0	0	1999	0
52	0	0	1999	0
54	0	0	1999	0
56	0	0	1999	0
58	0	0	1999	0
60	0	0	1999	0
62	0	0	1999	0
64	0	0	1999	0
