# Number of sweeps:20
# Match window:1999
# Search window:2007
# Reject offset:2088
# Bunch offset:2096
# Coarse rollover:4095
# Threshold: [90, 160, 1]
# Channel:18
#thr	hits	freq	window	error
-74	0	0	1999	0
-72	0	0	1999	0
-70	0	0	1999	0
-68	0	0	1999	0
-66	0	0	1999	0
-64	0	0	1999	0
-62	0	0	1999	0
-60	0	0	1999	0
-58	0	0	1999	0
-56	0	0	1999	0
-54	0	0	1999	0
-52	0	0	1999	0
-50	0	0	1999	0
-48	0	0	1999	0
-46	0	0	1999	0
-44	0	0	1999	0
-42	0	0	1999	0
-40	0	0	1999	0
-38	0	0	1999	0
-36	0	0	1999	0
-34	0	0	1999	0
-32	0	0	1999	0
-30	0	0	1999	0
-28	0	0	1999	0
-26	0	0	1999	0
-24	0	0	1999	0
-22	1	1000	1999	1000
-20	0	0	1999	0
-18	1	1000	1999	1000
-16	26	26000	1999	5099.02
-14	77	77000	1999	8774.96
-12	824	824000	1999	28705.4
-10	1338	5.352e+06	499	146315
-8	684	1.0944e+07	124	418454
-6	806	1.2896e+07	124	454242
-4	822	1.3152e+07	124	458729
-2	818	1.3088e+07	124	457611
0	762	1.2192e+07	124	441670
2	1294	1.0352e+07	249	287778
4	924	7.392e+06	249	243179
6	1079	4.316e+06	499	131393
8	1143	2.286e+06	999	67616.6
10	1109	1.109e+06	1999	33301.7
12	463	463000	1999	21517.4
14	220	220000	1999	14832.4
16	61	61000	1999	7810.25
18	20	20000	1999	4472.14
20	8	8000	1999	2828.43
22	4	4000	1999	2000
24	0	0	1999	0
26	0	0	1999	0
28	0	0	1999	0
30	0	0	1999	0
32	0	0	1999	0
34	0	0	1999	0
36	0	0	1999	0
38	0	0	1999	0
40	0	0	1999	0
42	0	0	1999	0
44	0	0	1999	0
46	0	0	1999	0
48	0	0	1999	0
50	0	0	1999	0
52	0	0	1999	0
54	0	0	1999	0
56	0	0	1999	0
58	0	0	1999	0
60	0	0	1999	0
62	0	0	1999	0
64	0	0	1999	0
