# Number of sweeps:20
# Match window:1999
# Search window:2007
# Reject offset:2088
# Bunch offset:2096
# Coarse rollover:4095
# Threshold: [90, 160, 1]
# Channel:16
#thr	hits	freq	window	error
-74	0	0	1999	0
-72	0	0	1999	0
-70	0	0	1999	0
-68	0	0	1999	0
-66	0	0	1999	0
-64	0	0	1999	0
-62	0	0	1999	0
-60	0	0	1999	0
-58	0	0	1999	0
-56	0	0	1999	0
-54	0	0	1999	0
-52	0	0	1999	0
-50	0	0	1999	0
-48	0	0	1999	0
-46	0	0	1999	0
-44	0	0	1999	0
-42	0	0	1999	0
-40	0	0	1999	0
-38	0	0	1999	0
-36	0	0	1999	0
-34	0	0	1999	0
-32	0	0	1999	0
-30	0	0	1999	0
-28	3	3000	1999	1732.05
-26	2	2000	1999	1414.21
-24	10	10000	1999	3162.28
-22	27	27000	1999	5196.15
-20	69	69000	1999	8306.62
-18	192	192000	1999	13856.4
-16	438	438000	1999	20928.4
-14	1143	1.143e+06	1999	33808.3
-12	943	3.772e+06	499	122833
-10	1182	9.456e+06	249	275042
-8	803	1.2848e+07	124	453396
-6	827	1.3232e+07	124	460122
-4	820	1.312e+07	124	458170
-2	791	1.2656e+07	124	449996
0	996	7.968e+06	249	252476
2	1244	2.488e+06	999	70540.8
4	894	894000	1999	29899.8
6	379	379000	1999	19467.9
8	137	137000	1999	11704.7
10	61	61000	1999	7810.25
12	19	19000	1999	4358.9
14	6	6000	1999	2449.49
16	4	4000	1999	2000
18	2	2000	1999	1414.21
20	0	0	1999	0
22	0	0	1999	0
24	0	0	1999	0
26	0	0	1999	0
28	0	0	1999	0
30	0	0	1999	0
32	0	0	1999	0
34	0	0	1999	0
36	0	0	1999	0
38	0	0	1999	0
40	0	0	1999	0
42	0	0	1999	0
44	0	0	1999	0
46	0	0	1999	0
48	0	0	1999	0
50	0	0	1999	0
52	0	0	1999	0
54	0	0	1999	0
56	0	0	1999	0
58	0	0	1999	0
60	0	0	1999	0
62	0	0	1999	0
64	0	0	1999	0
