# Number of sweeps:20
# Match window:1999
# Search window:2007
# Reject offset:2088
# Bunch offset:2096
# Coarse rollover:4095
# Threshold: [90, 160, 1]
# Channel:22
#thr	hits	freq	window	error
-74	0	0	1999	0
-72	0	0	1999	0
-70	0	0	1999	0
-68	0	0	1999	0
-66	0	0	1999	0
-64	0	0	1999	0
-62	0	0	1999	0
-60	0	0	1999	0
-58	0	0	1999	0
-56	0	0	1999	0
-54	0	0	1999	0
-52	0	0	1999	0
-50	0	0	1999	0
-48	0	0	1999	0
-46	0	0	1999	0
-44	0	0	1999	0
-42	0	0	1999	0
-40	0	0	1999	0
-38	0	0	1999	0
-36	0	0	1999	0
-34	0	0	1999	0
-32	0	0	1999	0
-30	0	0	1999	0
-28	0	0	1999	0
-26	0	0	1999	0
-24	0	0	1999	0
-22	13	13000	1999	3605.55
-20	31	31000	1999	5567.76
-18	106	106000	1999	10295.6
-16	319	319000	1999	17860.6
-14	1125	1.125e+06	1999	33541
-12	1069	4.276e+06	499	130782
-10	699	1.1184e+07	124	423018
-8	833	1.3328e+07	124	461788
-6	832	1.3312e+07	124	461511
-4	836	1.3376e+07	124	462619
-2	827	1.3232e+07	124	460122
0	746	1.1936e+07	124	437008
2	792	6.336e+06	249	225140
4	1168	2.336e+06	999	68352
6	1029	1.029e+06	1999	32078
8	386	386000	1999	19646.9
10	164	164000	1999	12806.2
12	59	59000	1999	7681.15
14	29	29000	1999	5385.16
16	12	12000	1999	3464.1
18	3	3000	1999	1732.05
20	0	0	1999	0
22	0	0	1999	0
24	0	0	1999	0
26	0	0	1999	0
28	0	0	1999	0
30	0	0	1999	0
32	0	0	1999	0
34	0	0	1999	0
36	0	0	1999	0
38	0	0	1999	0
40	0	0	1999	0
42	0	0	1999	0
44	0	0	1999	0
46	0	0	1999	0
48	0	0	1999	0
50	0	0	1999	0
52	0	0	1999	0
54	0	0	1999	0
56	0	0	1999	0
58	0	0	1999	0
60	0	0	1999	0
62	0	0	1999	0
64	0	0	1999	0
