# Number of sweeps:20
# Match window:1999
# Search window:2007
# Reject offset:2088
# Bunch offset:2096
# Coarse rollover:4095
# Threshold: [90, 160, 1]
# Channel:14
#thr	hits	freq	window	error
-74	0	0	1999	0
-72	0	0	1999	0
-70	0	0	1999	0
-68	0	0	1999	0
-66	0	0	1999	0
-64	0	0	1999	0
-62	0	0	1999	0
-60	0	0	1999	0
-58	0	0	1999	0
-56	0	0	1999	0
-54	0	0	1999	0
-52	0	0	1999	0
-50	0	0	1999	0
-48	0	0	1999	0
-46	0	0	1999	0
-44	0	0	1999	0
-42	0	0	1999	0
-40	0	0	1999	0
-38	0	0	1999	0
-36	0	0	1999	0
-34	0	0	1999	0
-32	0	0	1999	0
-30	0	0	1999	0
-28	1	1000	1999	1000
-26	4	4000	1999	2000
-24	15	15000	1999	3872.98
-22	38	38000	1999	6164.41
-20	102	102000	1999	10099.5
-18	256	256000	1999	16000
-16	651	651000	1999	25514.7
-14	1478	1.478e+06	1999	38444.8
-12	823	3.292e+06	499	114752
-10	846	6.768e+06	249	232689
-8	1285	1.028e+07	249	286775
-6	740	1.184e+07	124	435247
-4	758	1.2128e+07	124	440509
-2	770	1.232e+07	124	443982
0	782	1.2512e+07	124	447428
2	529	8.464e+06	124	368000
4	792	1.584e+06	999	56285
6	228	228000	1999	15099.7
8	45	45000	1999	6708.2
10	9	9000	1999	3000
12	2	2000	1999	1414.21
14	0	0	1999	0
16	0	0	1999	0
18	0	0	1999	0
20	0	0	1999	0
22	0	0	1999	0
24	0	0	1999	0
26	0	0	1999	0
28	0	0	1999	0
30	0	0	1999	0
32	0	0	1999	0
34	0	0	1999	0
36	0	0	1999	0
38	0	0	1999	0
40	0	0	1999	0
42	0	0	1999	0
44	0	0	1999	0
46	0	0	1999	0
48	0	0	1999	0
50	0	0	1999	0
52	0	0	1999	0
54	0	0	1999	0
56	0	0	1999	0
58	0	0	1999	0
60	0	0	1999	0
62	0	0	1999	0
64	0	0	1999	0
