# Number of sweeps:20
# Match window:31
# Search window:39
# Reject offset:3424
# Bunch offset:3464
# Coarse rollover:3563
# Threshold: [90, 160, 1]
# Channel:0
#thr	hits	freq	window	error
-74	0	0	1999	0
-72	0	0	1999	0
-70	0	0	1999	0
-68	0	0	1999	0
-66	0	0	1999	0
-64	0	0	1999	0
-62	0	0	1999	0
-60	0	0	1999	0
-58	0	0	1999	0
-56	0	0	1999	0
-54	0	0	1999	0
-52	0	0	1999	0
-50	0	0	1999	0
-48	0	0	1999	0
-46	0	0	1999	0
-44	0	0	1999	0
-42	0	0	1999	0
-40	0	0	1999	0
-38	1	1000	1999	1000
-36	0	0	1999	0
-34	1	1000	1999	1000
-32	1	1000	1999	1000
-30	6	6000	1999	2449.49
-28	14	14000	1999	3741.66
-26	31	31000	1999	5567.76
-24	109	109000	1999	10440.3
-22	196	196000	1999	14000
-20	380	380000	1999	19493.6
-18	826	826000	1999	28740.2
-16	1678	1.678e+06	1999	40963.4
-14	879	3.516e+06	499	118592
-12	907	7.256e+06	249	240932
-10	731	1.1696e+07	124	432592
-8	801	1.2816e+07	124	452831
-6	830	1.328e+07	124	460956
-4	828	1.3248e+07	124	460400
-2	827	1.3232e+07	124	460122
0	650	1.04e+07	124	407922
2	1016	4.064e+06	499	127499
4	1701	1.701e+06	1999	41243.2
6	859	859000	1999	29308.7
8	409	409000	1999	20223.7
10	179	179000	1999	13379.1
12	61	61000	1999	7810.25
14	46	46000	1999	6782.33
16	17	17000	1999	4123.11
18	5	5000	1999	2236.07
20	2	2000	1999	1414.21
22	0	0	1999	0
24	0	0	1999	0
26	0	0	1999	0
28	0	0	1999	0
30	0	0	1999	0
32	0	0	1999	0
34	0	0	1999	0
36	0	0	1999	0
38	0	0	1999	0
40	0	0	1999	0
42	0	0	1999	0
44	0	0	1999	0
46	0	0	1999	0
48	0	0	1999	0
50	0	0	1999	0
52	0	0	1999	0
54	0	0	1999	0
56	0	0	1999	0
58	0	0	1999	0
60	0	0	1999	0
62	0	0	1999	0
64	0	0	1999	0
