# Number of sweeps:20
# Match window:1999
# Search window:2007
# Reject offset:2088
# Bunch offset:2096
# Coarse rollover:4095
# Threshold: [90, 160, 1]
# Channel:3
#thr	hits	freq	window	error
-74	0	0	1999	0
-72	0	0	1999	0
-70	0	0	1999	0
-68	0	0	1999	0
-66	0	0	1999	0
-64	0	0	1999	0
-62	0	0	1999	0
-60	0	0	1999	0
-58	0	0	1999	0
-56	0	0	1999	0
-54	0	0	1999	0
-52	0	0	1999	0
-50	0	0	1999	0
-48	0	0	1999	0
-46	0	0	1999	0
-44	0	0	1999	0
-42	0	0	1999	0
-40	0	0	1999	0
-38	0	0	1999	0
-36	0	0	1999	0
-34	0	0	1999	0
-32	0	0	1999	0
-30	0	0	1999	0
-28	0	0	1999	0
-26	1	1000	1999	1000
-24	7	7000	1999	2645.75
-22	15	15000	1999	3872.98
-20	42	42000	1999	6480.74
-18	155	155000	1999	12449.9
-16	497	497000	1999	22293.5
-14	1615	1.615e+06	1999	40187.1
-12	1249	4.996e+06	499	141365
-10	1375	1.1e+07	249	296648
-8	827	1.3232e+07	124	460122
-6	833	1.3328e+07	124	461788
-4	836	1.3376e+07	124	462619
-2	833	1.3328e+07	124	461788
0	810	1.296e+07	124	455368
2	1235	9.88e+06	249	281141
4	1184	4.736e+06	499	137637
6	1065	2.13e+06	999	65268.7
8	1020	1.02e+06	1999	31937.4
10	475	475000	1999	21794.5
12	183	183000	1999	13527.7
14	95	95000	1999	9746.79
16	26	26000	1999	5099.02
18	8	8000	1999	2828.43
20	7	7000	1999	2645.75
22	1	1000	1999	1000
24	0	0	1999	0
26	0	0	1999	0
28	1	1000	1999	1000
30	2	2000	1999	1414.21
32	0	0	1999	0
34	0	0	1999	0
36	0	0	1999	0
38	0	0	1999	0
40	0	0	1999	0
42	0	0	1999	0
44	0	0	1999	0
46	0	0	1999	0
48	0	0	1999	0
50	0	0	1999	0
52	0	0	1999	0
54	0	0	1999	0
56	0	0	1999	0
58	0	0	1999	0
60	0	0	1999	0
62	0	0	1999	0
64	0	0	1999	0
