# Number of sweeps:20
# Match window:1999
# Search window:2007
# Reject offset:2088
# Bunch offset:2096
# Coarse rollover:4095
# Threshold: [90, 160, 1]
# Channel:19
#thr	hits	freq	window	error
-74	0	0	1999	0
-72	0	0	1999	0
-70	0	0	1999	0
-68	0	0	1999	0
-66	0	0	1999	0
-64	0	0	1999	0
-62	0	0	1999	0
-60	0	0	1999	0
-58	0	0	1999	0
-56	0	0	1999	0
-54	0	0	1999	0
-52	0	0	1999	0
-50	0	0	1999	0
-48	0	0	1999	0
-46	0	0	1999	0
-44	0	0	1999	0
-42	0	0	1999	0
-40	0	0	1999	0
-38	0	0	1999	0
-36	0	0	1999	0
-34	0	0	1999	0
-32	0	0	1999	0
-30	0	0	1999	0
-28	0	0	1999	0
-26	0	0	1999	0
-24	1	1000	1999	1000
-22	0	0	1999	0
-20	2	2000	1999	1414.21
-18	10	10000	1999	3162.28
-16	52	52000	1999	7211.1
-14	251	251000	1999	15843
-12	898	1.796e+06	999	59933.3
-10	1057	8.456e+06	249	260092
-8	808	1.2928e+07	124	454805
-6	821	1.3136e+07	124	458450
-4	833	1.3328e+07	124	461788
-2	835	1.336e+07	124	462342
0	778	1.2448e+07	124	446282
2	735	5.88e+06	249	216887
4	1190	2.38e+06	999	68992.8
6	968	968000	1999	31112.7
8	358	358000	1999	18920.9
10	107	107000	1999	10344.1
12	34	34000	1999	5830.95
14	10	10000	1999	3162.28
16	2	2000	1999	1414.21
18	0	0	1999	0
20	0	0	1999	0
22	0	0	1999	0
24	0	0	1999	0
26	0	0	1999	0
28	0	0	1999	0
30	0	0	1999	0
32	0	0	1999	0
34	0	0	1999	0
36	0	0	1999	0
38	0	0	1999	0
40	0	0	1999	0
42	0	0	1999	0
44	0	0	1999	0
46	0	0	1999	0
48	0	0	1999	0
50	0	0	1999	0
52	0	0	1999	0
54	0	0	1999	0
56	0	0	1999	0
58	0	0	1999	0
60	0	0	1999	0
62	0	0	1999	0
64	0	0	1999	0
