# Number of sweeps:20
# Match window:1999
# Search window:2007
# Reject offset:2088
# Bunch offset:2096
# Coarse rollover:4095
# Threshold: [90, 160, 1]
# Channel:4
#thr	hits	freq	window	error
-74	0	0	1999	0
-72	0	0	1999	0
-70	0	0	1999	0
-68	0	0	1999	0
-66	0	0	1999	0
-64	0	0	1999	0
-62	0	0	1999	0
-60	0	0	1999	0
-58	0	0	1999	0
-56	0	0	1999	0
-54	0	0	1999	0
-52	0	0	1999	0
-50	0	0	1999	0
-48	0	0	1999	0
-46	0	0	1999	0
-44	0	0	1999	0
-42	0	0	1999	0
-40	0	0	1999	0
-38	0	0	1999	0
-36	3	3000	1999	1732.05
-34	3	3000	1999	1732.05
-32	14	14000	1999	3741.66
-30	23	23000	1999	4795.83
-28	66	66000	1999	8124.04
-26	193	193000	1999	13892.4
-24	479	479000	1999	21886.1
-22	1053	1.053e+06	1999	32450
-20	1089	2.178e+06	999	66000
-18	1061	4.244e+06	499	130292
-16	941	7.528e+06	249	245406
-14	1333	1.0664e+07	249	292082
-12	774	1.2384e+07	124	445134
-10	809	1.2944e+07	124	455087
-8	830	1.328e+07	124	460956
-6	833	1.3328e+07	124	461788
-4	820	1.312e+07	124	458170
-2	797	1.2752e+07	124	451699
0	1102	8.816e+06	249	265571
2	1381	1.381e+06	1999	37161.8
4	183	183000	1999	13527.7
6	23	23000	1999	4795.83
8	7	7000	1999	2645.75
10	1	1000	1999	1000
12	0	0	1999	0
14	0	0	1999	0
16	0	0	1999	0
18	0	0	1999	0
20	0	0	1999	0
22	0	0	1999	0
24	0	0	1999	0
26	0	0	1999	0
28	0	0	1999	0
30	0	0	1999	0
32	0	0	1999	0
34	0	0	1999	0
36	0	0	1999	0
38	0	0	1999	0
40	0	0	1999	0
42	0	0	1999	0
44	0	0	1999	0
46	0	0	1999	0
48	0	0	1999	0
50	0	0	1999	0
52	0	0	1999	0
54	0	0	1999	0
56	0	0	1999	0
58	0	0	1999	0
60	0	0	1999	0
62	0	0	1999	0
64	0	0	1999	0
