# Number of sweeps:20
# Match window:1999
# Search window:2007
# Reject offset:2088
# Bunch offset:2096
# Coarse rollover:4095
# Threshold: [90, 160, 1]
# Channel:12
#thr	hits	freq	window	error
-74	0	0	1999	0
-72	0	0	1999	0
-70	0	0	1999	0
-68	0	0	1999	0
-66	0	0	1999	0
-64	0	0	1999	0
-62	0	0	1999	0
-60	0	0	1999	0
-58	0	0	1999	0
-56	0	0	1999	0
-54	0	0	1999	0
-52	0	0	1999	0
-50	0	0	1999	0
-48	0	0	1999	0
-46	0	0	1999	0
-44	0	0	1999	0
-42	0	0	1999	0
-40	0	0	1999	0
-38	0	0	1999	0
-36	0	0	1999	0
-34	0	0	1999	0
-32	0	0	1999	0
-30	1	1000	1999	1000
-28	0	0	1999	0
-26	3	3000	1999	1732.05
-24	11	11000	1999	3316.62
-22	23	23000	1999	4795.83
-20	62	62000	1999	7874.01
-18	159	159000	1999	12609.5
-16	431	431000	1999	20760.5
-14	999	999000	1999	31607
-12	1102	2.204e+06	999	66392.8
-10	1257	5.028e+06	499	141817
-8	1204	9.632e+06	249	277590
-6	745	1.192e+07	124	436715
-4	797	1.2752e+07	124	451699
-2	806	1.2896e+07	124	454242
0	801	1.2816e+07	124	452831
2	583	9.328e+06	124	386326
4	1122	2.244e+06	999	66992.5
6	421	421000	1999	20518.3
8	99	99000	1999	9949.87
10	30	30000	1999	5477.23
12	11	11000	1999	3316.62
14	0	0	1999	0
16	2	2000	1999	1414.21
18	0	0	1999	0
20	0	0	1999	0
22	0	0	1999	0
24	0	0	1999	0
26	0	0	1999	0
28	0	0	1999	0
30	0	0	1999	0
32	0	0	1999	0
34	0	0	1999	0
36	0	0	1999	0
38	0	0	1999	0
40	0	0	1999	0
42	0	0	1999	0
44	0	0	1999	0
46	0	0	1999	0
48	0	0	1999	0
50	0	0	1999	0
52	0	0	1999	0
54	0	0	1999	0
56	0	0	1999	0
58	0	0	1999	0
60	0	0	1999	0
62	0	0	1999	0
64	0	0	1999	0
