# Number of sweeps:20
# Match window:1999
# Search window:2007
# Reject offset:2088
# Bunch offset:2096
# Coarse rollover:4095
# Threshold: [90, 160, 1]
# Channel:1
#thr	hits	freq	window	error
-74	0	0	1999	0
-72	0	0	1999	0
-70	0	0	1999	0
-68	0	0	1999	0
-66	0	0	1999	0
-64	0	0	1999	0
-62	0	0	1999	0
-60	0	0	1999	0
-58	0	0	1999	0
-56	0	0	1999	0
-54	0	0	1999	0
-52	0	0	1999	0
-50	0	0	1999	0
-48	0	0	1999	0
-46	0	0	1999	0
-44	0	0	1999	0
-42	0	0	1999	0
-40	0	0	1999	0
-38	0	0	1999	0
-36	0	0	1999	0
-34	0	0	1999	0
-32	0	0	1999	0
-30	4	4000	1999	2000
-28	9	9000	1999	3000
-26	38	38000	1999	6164.41
-24	67	67000	1999	8185.35
-22	118	118000	1999	10862.8
-20	298	298000	1999	17262.7
-18	702	702000	1999	26495.3
-16	1518	1.518e+06	1999	38961.5
-14	897	3.588e+06	499	119800
-12	1033	8.264e+06	249	257123
-10	755	1.208e+07	124	439636
-8	840	1.344e+07	124	463724
-6	833	1.3328e+07	124	461788
-4	836	1.3376e+07	124	462619
-2	836	1.3376e+07	124	462619
0	759	1.2144e+07	124	440799
2	756	6.048e+06	249	219964
4	1295	2.59e+06	999	71972.2
6	1249	1.249e+06	1999	35341.2
8	576	576000	1999	24000
10	238	238000	1999	15427.2
12	123	123000	1999	11090.5
14	54	54000	1999	7348.47
16	26	26000	1999	5099.02
18	5	5000	1999	2236.07
20	3	3000	1999	1732.05
22	3	3000	1999	1732.05
24	1	1000	1999	1000
26	0	0	1999	0
28	0	0	1999	0
30	0	0	1999	0
32	0	0	1999	0
34	0	0	1999	0
36	0	0	1999	0
38	0	0	1999	0
40	0	0	1999	0
42	0	0	1999	0
44	0	0	1999	0
46	0	0	1999	0
48	0	0	1999	0
50	0	0	1999	0
52	0	0	1999	0
54	0	0	1999	0
56	0	0	1999	0
58	0	0	1999	0
60	0	0	1999	0
62	0	0	1999	0
64	0	0	1999	0
