# Number of sweeps:20
# Match window:1999
# Search window:2007
# Reject offset:2088
# Bunch offset:2096
# Coarse rollover:4095
# Threshold: [90, 160, 1]
# Channel:11
#thr	hits	freq	window	error
-74	0	0	1999	0
-72	0	0	1999	0
-70	0	0	1999	0
-68	0	0	1999	0
-66	0	0	1999	0
-64	0	0	1999	0
-62	0	0	1999	0
-60	0	0	1999	0
-58	0	0	1999	0
-56	0	0	1999	0
-54	0	0	1999	0
-52	0	0	1999	0
-50	0	0	1999	0
-48	1	1000	1999	1000
-46	0	0	1999	0
-44	0	0	1999	0
-42	0	0	1999	0
-40	0	0	1999	0
-38	0	0	1999	0
-36	0	0	1999	0
-34	0	0	1999	0
-32	0	0	1999	0
-30	1	1000	1999	1000
-28	2	2000	1999	1414.21
-26	5	5000	1999	2236.07
-24	17	17000	1999	4123.11
-22	57	57000	1999	7549.83
-20	199	199000	1999	14106.7
-18	517	517000	1999	22737.6
-16	1242	1.242e+06	1999	35242
-14	1331	2.662e+06	999	72965.7
-12	1275	5.1e+06	499	142829
-10	1025	8.2e+06	249	256125
-8	1264	1.0112e+07	249	284422
-6	680	1.088e+07	124	417229
-4	719	1.1504e+07	124	429027
-2	755	1.208e+07	124	439636
0	740	1.184e+07	124	435247
2	455	7.28e+06	124	341292
4	1066	1.066e+06	1999	32649.7
6	86	86000	1999	9273.62
8	17	17000	1999	4123.11
10	2	2000	1999	1414.21
12	0	0	1999	0
14	0	0	1999	0
16	0	0	1999	0
18	0	0	1999	0
20	0	0	1999	0
22	0	0	1999	0
24	0	0	1999	0
26	0	0	1999	0
28	0	0	1999	0
30	0	0	1999	0
32	0	0	1999	0
34	0	0	1999	0
36	0	0	1999	0
38	0	0	1999	0
40	0	0	1999	0
42	0	0	1999	0
44	0	0	1999	0
46	0	0	1999	0
48	0	0	1999	0
50	0	0	1999	0
52	0	0	1999	0
54	0	0	1999	0
56	0	0	1999	0
58	0	0	1999	0
60	0	0	1999	0
62	0	0	1999	0
64	0	0	1999	0
