# Number of sweeps:20
# Match window:1999
# Search window:2007
# Reject offset:2088
# Bunch offset:2096
# Coarse rollover:4095
# Threshold: [90, 160, 1]
# Channel:8
#thr	hits	freq	window	error
-74	0	0	1999	0
-72	0	0	1999	0
-70	0	0	1999	0
-68	0	0	1999	0
-66	0	0	1999	0
-64	0	0	1999	0
-62	0	0	1999	0
-60	0	0	1999	0
-58	0	0	1999	0
-56	0	0	1999	0
-54	0	0	1999	0
-52	0	0	1999	0
-50	0	0	1999	0
-48	0	0	1999	0
-46	0	0	1999	0
-44	0	0	1999	0
-42	0	0	1999	0
-40	0	0	1999	0
-38	0	0	1999	0
-36	0	0	1999	0
-34	0	0	1999	0
-32	0	0	1999	0
-30	0	0	1999	0
-28	0	0	1999	0
-26	0	0	1999	0
-24	1	1000	1999	1000
-22	0	0	1999	0
-20	2	2000	1999	1414.21
-18	3	3000	1999	1732.05
-16	28	28000	1999	5291.5
-14	61	61000	1999	7810.25
-12	163	163000	1999	12767.1
-10	556	556000	1999	23579.7
-8	1669	1.669e+06	1999	40853.4
-6	1173	4.692e+06	499	136996
-4	1276	1.0208e+07	249	285769
-2	788	1.2608e+07	124	449141
0	807	1.2912e+07	124	454524
2	662	1.0592e+07	124	411670
4	1093	4.372e+06	499	132242
6	1699	1.699e+06	1999	41218.9
8	694	694000	1999	26343.9
10	255	255000	1999	15968.7
12	98	98000	1999	9899.49
14	33	33000	1999	5744.56
16	14	14000	1999	3741.66
18	6	6000	1999	2449.49
20	7	7000	1999	2645.75
22	0	0	1999	0
24	0	0	1999	0
26	0	0	1999	0
28	0	0	1999	0
30	0	0	1999	0
32	0	0	1999	0
34	0	0	1999	0
36	0	0	1999	0
38	0	0	1999	0
40	0	0	1999	0
42	0	0	1999	0
44	0	0	1999	0
46	0	0	1999	0
48	0	0	1999	0
50	0	0	1999	0
52	0	0	1999	0
54	0	0	1999	0
56	0	0	1999	0
58	0	0	1999	0
60	0	0	1999	0
62	0	0	1999	0
64	0	0	1999	0
