# Number of sweeps:20
# Match window:1999
# Search window:2007
# Reject offset:2088
# Bunch offset:2096
# Coarse rollover:4095
# Threshold: [90, 160, 1]
# Channel:6
#thr	hits	freq	window	error
-74	0	0	1999	0
-72	0	0	1999	0
-70	0	0	1999	0
-68	0	0	1999	0
-66	0	0	1999	0
-64	0	0	1999	0
-62	0	0	1999	0
-60	0	0	1999	0
-58	0	0	1999	0
-56	0	0	1999	0
-54	0	0	1999	0
-52	0	0	1999	0
-50	0	0	1999	0
-48	0	0	1999	0
-46	0	0	1999	0
-44	0	0	1999	0
-42	0	0	1999	0
-40	0	0	1999	0
-38	0	0	1999	0
-36	0	0	1999	0
-34	0	0	1999	0
-32	0	0	1999	0
-30	0	0	1999	0
-28	2	2000	1999	1414.21
-26	10	10000	1999	3162.28
-24	24	24000	1999	4898.98
-22	100	100000	1999	10000
-20	266	266000	1999	16309.5
-18	815	815000	1999	28548.2
-16	1099	2.198e+06	999	66302.3
-14	721	5.768e+06	249	214812
-12	1332	1.0656e+07	249	291973
-10	821	1.3136e+07	124	458450
-8	829	1.3264e+07	124	460678
-6	837	1.3392e+07	124	462895
-4	826	1.3216e+07	124	459843
-2	822	1.3152e+07	124	458729
0	1168	9.344e+06	249	273408
2	1013	2.026e+06	999	63655.3
4	301	301000	1999	17349.4
6	58	58000	1999	7615.77
8	20	20000	1999	4472.14
10	1	1000	1999	1000
12	0	0	1999	0
14	0	0	1999	0
16	0	0	1999	0
18	0	0	1999	0
20	0	0	1999	0
22	0	0	1999	0
24	0	0	1999	0
26	0	0	1999	0
28	0	0	1999	0
30	0	0	1999	0
32	0	0	1999	0
34	0	0	1999	0
36	0	0	1999	0
38	0	0	1999	0
40	0	0	1999	0
42	0	0	1999	0
44	0	0	1999	0
46	0	0	1999	0
48	0	0	1999	0
50	0	0	1999	0
52	0	0	1999	0
54	0	0	1999	0
56	0	0	1999	0
58	0	0	1999	0
60	0	0	1999	0
62	0	0	1999	0
64	0	0	1999	0
