# Number of sweeps:20
# Match window:1999
# Search window:2007
# Reject offset:2088
# Bunch offset:2096
# Coarse rollover:4095
# Threshold: [90, 160, 1]
# Channel:5
#thr	hits	freq	window	error
-74	0	0	1999	0
-72	0	0	1999	0
-70	0	0	1999	0
-68	0	0	1999	0
-66	0	0	1999	0
-64	0	0	1999	0
-62	0	0	1999	0
-60	0	0	1999	0
-58	0	0	1999	0
-56	0	0	1999	0
-54	0	0	1999	0
-52	0	0	1999	0
-50	0	0	1999	0
-48	0	0	1999	0
-46	0	0	1999	0
-44	0	0	1999	0
-42	0	0	1999	0
-40	0	0	1999	0
-38	0	0	1999	0
-36	2	2000	1999	1414.21
-34	2	2000	1999	1414.21
-32	3	3000	1999	1732.05
-30	13	13000	1999	3605.55
-28	38	38000	1999	6164.41
-26	116	116000	1999	10770.3
-24	305	305000	1999	17464.2
-22	660	660000	1999	25690.5
-20	1517	1.517e+06	1999	38948.7
-18	751	3.004e+06	499	109618
-16	731	5.848e+06	249	216296
-14	1233	9.864e+06	249	280913
-12	803	1.2848e+07	124	453396
-10	828	1.3248e+07	124	460400
-8	828	1.3248e+07	124	460400
-6	824	1.3184e+07	124	459286
-4	821	1.3136e+07	124	458450
-2	799	1.2784e+07	124	452265
0	1180	9.44e+06	249	274809
2	760	1.52e+06	999	55136.2
4	244	244000	1999	15620.5
6	51	51000	1999	7141.43
8	9	9000	1999	3000
10	4	4000	1999	2000
12	0	0	1999	0
14	0	0	1999	0
16	0	0	1999	0
18	0	0	1999	0
20	0	0	1999	0
22	0	0	1999	0
24	0	0	1999	0
26	0	0	1999	0
28	0	0	1999	0
30	0	0	1999	0
32	0	0	1999	0
34	0	0	1999	0
36	0	0	1999	0
38	0	0	1999	0
40	0	0	1999	0
42	0	0	1999	0
44	0	0	1999	0
46	0	0	1999	0
48	0	0	1999	0
50	0	0	1999	0
52	0	0	1999	0
54	0	0	1999	0
56	0	0	1999	0
58	0	0	1999	0
60	0	0	1999	0
62	0	0	1999	0
64	0	0	1999	0
