# Number of sweeps:20
# Match window:1999
# Search window:2007
# Reject offset:2088
# Bunch offset:2096
# Coarse rollover:4095
# Threshold: [90, 160, 1]
# Channel:20
#thr	hits	freq	window	error
-74	0	0	1999	0
-72	0	0	1999	0
-70	0	0	1999	0
-68	0	0	1999	0
-66	0	0	1999	0
-64	0	0	1999	0
-62	0	0	1999	0
-60	0	0	1999	0
-58	0	0	1999	0
-56	0	0	1999	0
-54	0	0	1999	0
-52	0	0	1999	0
-50	0	0	1999	0
-48	0	0	1999	0
-46	0	0	1999	0
-44	0	0	1999	0
-42	0	0	1999	0
-40	0	0	1999	0
-38	0	0	1999	0
-36	0	0	1999	0
-34	0	0	1999	0
-32	0	0	1999	0
-30	0	0	1999	0
-28	0	0	1999	0
-26	3	3000	1999	1732.05
-24	6	6000	1999	2449.49
-22	24	24000	1999	4898.98
-20	63	63000	1999	7937.25
-18	148	148000	1999	12165.5
-16	465	465000	1999	21563.9
-14	1369	1.369e+06	1999	37000
-12	1172	4.688e+06	499	136938
-10	734	1.1744e+07	124	433479
-8	832	1.3312e+07	124	461511
-6	837	1.3392e+07	124	462895
-4	837	1.3392e+07	124	462895
-2	832	1.3312e+07	124	461511
0	708	1.1328e+07	124	425732
2	1198	4.792e+06	499	138449
4	1705	1.705e+06	1999	41291.6
6	654	654000	1999	25573.4
8	239	239000	1999	15459.6
10	90	90000	1999	9486.83
12	27	27000	1999	5196.15
14	10	10000	1999	3162.28
16	2	2000	1999	1414.21
18	0	0	1999	0
20	0	0	1999	0
22	0	0	1999	0
24	0	0	1999	0
26	0	0	1999	0
28	0	0	1999	0
30	0	0	1999	0
32	0	0	1999	0
34	0	0	1999	0
36	0	0	1999	0
38	0	0	1999	0
40	0	0	1999	0
42	0	0	1999	0
44	0	0	1999	0
46	0	0	1999	0
48	0	0	1999	0
50	0	0	1999	0
52	0	0	1999	0
54	0	0	1999	0
56	0	0	1999	0
58	0	0	1999	0
60	0	0	1999	0
62	0	0	1999	0
64	0	0	1999	0
