# Number of sweeps:20
# Match window:1999
# Search window:2007
# Reject offset:2088
# Bunch offset:2096
# Coarse rollover:4095
# Threshold: [90, 160, 1]
# Channel:17
#thr	hits	freq	window	error
-74	0	0	1999	0
-72	0	0	1999	0
-70	0	0	1999	0
-68	0	0	1999	0
-66	0	0	1999	0
-64	0	0	1999	0
-62	0	0	1999	0
-60	0	0	1999	0
-58	0	0	1999	0
-56	0	0	1999	0
-54	0	0	1999	0
-52	0	0	1999	0
-50	0	0	1999	0
-48	0	0	1999	0
-46	0	0	1999	0
-44	0	0	1999	0
-42	0	0	1999	0
-40	0	0	1999	0
-38	0	0	1999	0
-36	0	0	1999	0
-34	0	0	1999	0
-32	1	1000	1999	1000
-30	1	1000	1999	1000
-28	8	8000	1999	2828.43
-26	29	29000	1999	5385.16
-24	94	94000	1999	9695.36
-22	166	166000	1999	12884.1
-20	496	496000	1999	22271.1
-18	1072	1.072e+06	1999	32741.4
-16	1061	2.122e+06	999	65146
-14	1213	4.852e+06	499	139313
-12	1195	9.56e+06	249	276550
-10	819	1.3104e+07	124	457891
-8	836	1.3376e+07	124	462619
-6	828	1.3248e+07	124	460400
-4	828	1.3248e+07	124	460400
-2	787	1.2592e+07	124	448856
0	888	7.104e+06	249	238395
2	1194	1.194e+06	1999	34554.3
4	283	283000	1999	16822.6
6	102	102000	1999	10099.5
8	34	34000	1999	5830.95
10	11	11000	1999	3316.62
12	2	2000	1999	1414.21
14	1	1000	1999	1000
16	1	1000	1999	1000
18	1	1000	1999	1000
20	0	0	1999	0
22	0	0	1999	0
24	0	0	1999	0
26	0	0	1999	0
28	0	0	1999	0
30	0	0	1999	0
32	0	0	1999	0
34	0	0	1999	0
36	0	0	1999	0
38	0	0	1999	0
40	0	0	1999	0
42	0	0	1999	0
44	0	0	1999	0
46	0	0	1999	0
48	0	0	1999	0
50	0	0	1999	0
52	0	0	1999	0
54	0	0	1999	0
56	0	0	1999	0
58	0	0	1999	0
60	0	0	1999	0
62	0	0	1999	0
64	0	0	1999	0
