# Number of sweeps:20
# Match window:1999
# Search window:2007
# Reject offset:2088
# Bunch offset:2096
# Coarse rollover:4095
# Threshold: [90, 160, 1]
# Channel:2
#thr	hits	freq	window	error
-74	0	0	1999	0
-72	0	0	1999	0
-70	0	0	1999	0
-68	0	0	1999	0
-66	0	0	1999	0
-64	0	0	1999	0
-62	0	0	1999	0
-60	0	0	1999	0
-58	0	0	1999	0
-56	0	0	1999	0
-54	0	0	1999	0
-52	0	0	1999	0
-50	0	0	1999	0
-48	0	0	1999	0
-46	0	0	1999	0
-44	0	0	1999	0
-42	0	0	1999	0
-40	0	0	1999	0
-38	0	0	1999	0
-36	0	0	1999	0
-34	0	0	1999	0
-32	0	0	1999	0
-30	0	0	1999	0
-28	1	1000	1999	1000
-26	1	1000	1999	1000
-24	5	5000	1999	2236.07
-22	15	15000	1999	3872.98
-20	62	62000	1999	7874.01
-18	172	172000	1999	13114.9
-16	484	484000	1999	22000
-14	1620	1.62e+06	1999	40249.2
-12	1255	5.02e+06	499	141704
-10	640	1.024e+07	124	404772
-8	821	1.3136e+07	124	458450
-6	838	1.3408e+07	124	463172
-4	836	1.3376e+07	124	462619
-2	831	1.3296e+07	124	461233
0	819	1.3104e+07	124	457891
2	1068	8.544e+06	249	261442
4	959	3.836e+06	499	123871
6	1845	1.845e+06	1999	42953.5
8	859	859000	1999	29308.7
10	349	349000	1999	18681.5
12	154	154000	1999	12409.7
14	59	59000	1999	7681.15
16	30	30000	1999	5477.23
18	4	4000	1999	2000
20	3	3000	1999	1732.05
22	3	3000	1999	1732.05
24	1	1000	1999	1000
26	0	0	1999	0
28	0	0	1999	0
30	0	0	1999	0
32	0	0	1999	0
34	0	0	1999	0
36	0	0	1999	0
38	0	0	1999	0
40	0	0	1999	0
42	0	0	1999	0
44	0	0	1999	0
46	0	0	1999	0
48	0	0	1999	0
50	0	0	1999	0
52	0	0	1999	0
54	0	0	1999	0
56	0	0	1999	0
58	0	0	1999	0
60	0	0	1999	0
62	0	0	1999	0
64	0	0	1999	0
