# Number of sweeps:5
# Match window:1999
# Search window:2007
# Reject offset:2088
# Bunch offset:2096
# Coarse rollover:4095
# Threshold: [100, 150, 1]
# Channel:21
#thr	hits	freq	window	error
-54	0	0	1999	0
-52	0	0	1999	0
-50	0	0	1999	0
-48	0	0	1999	0
-46	0	0	1999	0
-44	0	0	1999	0
-42	0	0	1999	0
-40	0	0	1999	0
-38	0	0	1999	0
-36	0	0	1999	0
-34	0	0	1999	0
-32	0	0	1999	0
-30	0	0	1999	0
-28	0	0	1999	0
-26	0	0	1999	0
-24	0	0	1999	0
-22	0	0	1999	0
-20	0	0	1999	0
-18	0	0	1999	0
-16	1	4000	1999	4000
-14	8	32000	1999	11313.7
-12	197	788000	1999	56142.7
-10	199	6.368e+06	249	451416
-8	172	1.1008e+07	124	839352
-6	202	1.2928e+07	124	909611
-4	204	1.3056e+07	124	914103
-2	192	1.2288e+07	124	886810
0	311	9.952e+06	249	564326
2	385	6.16e+06	499	313943
4	300	2.4e+06	999	138564
6	210	840000	1999	57965.5
8	66	264000	1999	32496.2
10	22	88000	1999	18761.7
12	8	32000	1999	11313.7
14	0	0	1999	0
16	0	0	1999	0
18	0	0	1999	0
20	1	4000	1999	4000
22	0	0	1999	0
24	0	0	1999	0
26	0	0	1999	0
28	0	0	1999	0
30	0	0	1999	0
32	0	0	1999	0
34	0	0	1999	0
36	0	0	1999	0
38	0	0	1999	0
40	0	0	1999	0
42	0	0	1999	0
44	0	0	1999	0
