# Number of sweeps:5
# Match window:1999
# Search window:2007
# Reject offset:2088
# Bunch offset:2096
# Coarse rollover:4095
# Threshold: [100, 150, 1]
# Channel:22
#thr	hits	freq	window	error
-54	0	0	1999	0
-52	0	0	1999	0
-50	0	0	1999	0
-48	0	0	1999	0
-46	0	0	1999	0
-44	0	0	1999	0
-42	0	0	1999	0
-40	0	0	1999	0
-38	0	0	1999	0
-36	0	0	1999	0
-34	0	0	1999	0
-32	0	0	1999	0
-30	0	0	1999	0
-28	0	0	1999	0
-26	0	0	1999	0
-24	0	0	1999	0
-22	0	0	1999	0
-20	0	0	1999	0
-18	7	28000	1999	10583
-16	24	96000	1999	19595.9
-14	105	420000	1999	40987.8
-12	351	2.808e+06	999	149880
-10	309	9.888e+06	249	562509
-8	204	1.3056e+07	124	914103
-6	209	1.3376e+07	124	925237
-4	207	1.3248e+07	124	920800
-2	210	1.344e+07	124	927448
0	326	1.0432e+07	249	577775
2	239	3.824e+06	499	247354
4	310	1.24e+06	1999	70427.3
6	90	360000	1999	37947.3
8	34	136000	1999	23323.8
10	9	36000	1999	12000
12	2	8000	1999	5656.85
14	0	0	1999	0
16	0	0	1999	0
18	0	0	1999	0
20	0	0	1999	0
22	0	0	1999	0
24	0	0	1999	0
26	0	0	1999	0
28	0	0	1999	0
30	0	0	1999	0
32	0	0	1999	0
34	0	0	1999	0
36	0	0	1999	0
38	0	0	1999	0
40	0	0	1999	0
42	0	0	1999	0
44	0	0	1999	0
