# Number of sweeps:5
# Match window:1999
# Search window:2007
# Reject offset:2088
# Bunch offset:2096
# Coarse rollover:4095
# Threshold: [100, 150, 1]
# Channel:11
#thr	hits	freq	window	error
-54	0	0	1999	0
-52	0	0	1999	0
-50	0	0	1999	0
-48	0	0	1999	0
-46	0	0	1999	0
-44	0	0	1999	0
-42	0	0	1999	0
-40	0	0	1999	0
-38	0	0	1999	0
-36	0	0	1999	0
-34	0	0	1999	0
-32	0	0	1999	0
-30	0	0	1999	0
-28	0	0	1999	0
-26	0	0	1999	0
-24	1	4000	1999	4000
-22	3	12000	1999	6928.2
-20	18	72000	1999	16970.6
-18	80	320000	1999	35777.1
-16	235	940000	1999	61318.8
-14	243	1.944e+06	999	124708
-12	257	4.112e+06	499	256500
-10	207	6.624e+06	249	460400
-8	279	8.928e+06	249	534505
-6	279	8.928e+06	249	534505
-4	175	1.12e+07	124	846640
-2	201	1.2864e+07	124	907357
0	198	1.2672e+07	124	900560
2	207	6.624e+06	249	460400
4	237	948000	1999	61579.2
6	11	44000	1999	13266.5
8	2	8000	1999	5656.85
10	0	0	1999	0
12	0	0	1999	0
14	0	0	1999	0
16	0	0	1999	0
18	0	0	1999	0
20	0	0	1999	0
22	0	0	1999	0
24	0	0	1999	0
26	0	0	1999	0
28	0	0	1999	0
30	0	0	1999	0
32	0	0	1999	0
34	0	0	1999	0
36	0	0	1999	0
38	0	0	1999	0
40	0	0	1999	0
42	0	0	1999	0
44	0	0	1999	0
