# Number of sweeps:5
# Match window:1999
# Search window:2007
# Reject offset:2088
# Bunch offset:2096
# Coarse rollover:4095
# Threshold: [100, 150, 1]
# Channel:20
#thr	hits	freq	window	error
-54	0	0	1999	0
-52	0	0	1999	0
-50	0	0	1999	0
-48	0	0	1999	0
-46	0	0	1999	0
-44	0	0	1999	0
-42	0	0	1999	0
-40	0	0	1999	0
-38	0	0	1999	0
-36	0	0	1999	0
-34	0	0	1999	0
-32	0	0	1999	0
-30	0	0	1999	0
-28	0	0	1999	0
-26	0	0	1999	0
-24	0	0	1999	0
-22	4	16000	1999	8000
-20	3	12000	1999	6928.2
-18	10	40000	1999	12649.1
-16	53	212000	1999	29120.4
-14	190	760000	1999	55136.2
-12	181	2.896e+06	499	215258
-10	305	9.76e+06	249	558856
-8	199	1.2736e+07	124	902831
-6	208	1.3312e+07	124	923021
-4	208	1.3312e+07	124	923021
-2	204	1.3056e+07	124	914103
0	325	1.04e+07	249	576888
2	388	3.104e+06	999	157582
4	222	888000	1999	59598.7
6	69	276000	1999	33226.5
8	23	92000	1999	19183.3
10	4	16000	1999	8000
12	1	4000	1999	4000
14	0	0	1999	0
16	0	0	1999	0
18	0	0	1999	0
20	0	0	1999	0
22	0	0	1999	0
24	0	0	1999	0
26	0	0	1999	0
28	0	0	1999	0
30	0	0	1999	0
32	0	0	1999	0
34	0	0	1999	0
36	0	0	1999	0
38	0	0	1999	0
40	0	0	1999	0
42	0	0	1999	0
44	0	0	1999	0
