# Number of sweeps:5
# Match window:1999
# Search window:2007
# Reject offset:2088
# Bunch offset:2096
# Coarse rollover:4095
# Threshold: [100, 150, 1]
# Channel:5
#thr	hits	freq	window	error
-54	0	0	1999	0
-52	0	0	1999	0
-50	0	0	1999	0
-48	0	0	1999	0
-46	0	0	1999	0
-44	0	0	1999	0
-42	0	0	1999	0
-40	0	0	1999	0
-38	0	0	1999	0
-36	0	0	1999	0
-34	0	0	1999	0
-32	0	0	1999	0
-30	1	4000	1999	4000
-28	0	0	1999	0
-26	18	72000	1999	16970.6
-24	39	156000	1999	24980
-22	129	516000	1999	45431.3
-20	326	1.304e+06	1999	72221.9
-18	355	2.84e+06	999	150732
-16	187	5.984e+06	249	437593
-14	349	1.1168e+07	249	597809
-12	200	1.28e+07	124	905097
-10	205	1.312e+07	124	916341
-8	209	1.3376e+07	124	925237
-6	209	1.3376e+07	124	925237
-4	209	1.3376e+07	124	925237
-2	195	1.248e+07	124	893711
0	298	9.536e+06	249	552406
2	308	2.464e+06	999	140399
4	62	248000	1999	31496
6	17	68000	1999	16492.4
8	2	8000	1999	5656.85
10	0	0	1999	0
12	0	0	1999	0
14	0	0	1999	0
16	0	0	1999	0
18	0	0	1999	0
20	0	0	1999	0
22	0	0	1999	0
24	0	0	1999	0
26	0	0	1999	0
28	0	0	1999	0
30	0	0	1999	0
32	0	0	1999	0
34	0	0	1999	0
36	0	0	1999	0
38	0	0	1999	0
40	0	0	1999	0
42	0	0	1999	0
44	0	0	1999	0
