# Number of sweeps:5
# Match window:1999
# Search window:2007
# Reject offset:2088
# Bunch offset:2096
# Coarse rollover:4095
# Threshold: [100, 150, 1]
# Channel:12
#thr	hits	freq	window	error
-54	0	0	1999	0
-52	0	0	1999	0
-50	0	0	1999	0
-48	0	0	1999	0
-46	0	0	1999	0
-44	0	0	1999	0
-42	0	0	1999	0
-40	0	0	1999	0
-38	0	0	1999	0
-36	0	0	1999	0
-34	0	0	1999	0
-32	0	0	1999	0
-30	0	0	1999	0
-28	0	0	1999	0
-26	0	0	1999	0
-24	0	0	1999	0
-22	2	8000	1999	5656.85
-20	9	36000	1999	12000
-18	28	112000	1999	21166
-16	70	280000	1999	33466.4
-14	200	800000	1999	56568.5
-12	276	2.208e+06	999	132906
-10	289	4.624e+06	499	272000
-8	279	8.928e+06	249	534505
-6	190	1.216e+07	124	882179
-4	193	1.2352e+07	124	889116
-2	204	1.3056e+07	124	914103
0	208	1.3312e+07	124	923021
2	276	8.832e+06	249	531624
4	258	2.064e+06	999	128499
6	86	344000	1999	37094.5
8	23	92000	1999	19183.3
10	4	16000	1999	8000
12	3	12000	1999	6928.2
14	0	0	1999	0
16	0	0	1999	0
18	0	0	1999	0
20	0	0	1999	0
22	0	0	1999	0
24	0	0	1999	0
26	0	0	1999	0
28	0	0	1999	0
30	0	0	1999	0
32	0	0	1999	0
34	0	0	1999	0
36	0	0	1999	0
38	0	0	1999	0
40	0	0	1999	0
42	0	0	1999	0
44	0	0	1999	0
