# Number of sweeps:5
# Match window:1999
# Search window:2007
# Reject offset:2088
# Bunch offset:2096
# Coarse rollover:4095
# Threshold: [100, 150, 1]
# Channel:18
#thr	hits	freq	window	error
-54	0	0	1999	0
-52	0	0	1999	0
-50	0	0	1999	0
-48	0	0	1999	0
-46	0	0	1999	0
-44	0	0	1999	0
-42	0	0	1999	0
-40	0	0	1999	0
-38	0	0	1999	0
-36	0	0	1999	0
-34	0	0	1999	0
-32	0	0	1999	0
-30	0	0	1999	0
-28	0	0	1999	0
-26	0	0	1999	0
-24	0	0	1999	0
-22	0	0	1999	0
-20	0	0	1999	0
-18	0	0	1999	0
-16	1	4000	1999	4000
-14	6	24000	1999	9797.96
-12	123	492000	1999	44362.1
-10	242	3.872e+06	499	248902
-8	341	1.0912e+07	249	590918
-6	208	1.3312e+07	124	923021
-4	205	1.312e+07	124	916341
-2	188	1.2032e+07	124	877524
0	172	1.1008e+07	124	839352
2	264	8.448e+06	249	519938
4	351	5.616e+06	499	299760
6	418	3.344e+06	999	163560
8	405	1.62e+06	1999	80498.4
10	165	660000	1999	51380.9
12	70	280000	1999	33466.4
14	22	88000	1999	18761.7
16	11	44000	1999	13266.5
18	1	4000	1999	4000
20	0	0	1999	0
22	0	0	1999	0
24	0	0	1999	0
26	0	0	1999	0
28	0	0	1999	0
30	0	0	1999	0
32	0	0	1999	0
34	0	0	1999	0
36	0	0	1999	0
38	0	0	1999	0
40	0	0	1999	0
42	0	0	1999	0
44	0	0	1999	0
