# Number of sweeps:5
# Match window:1999
# Search window:2007
# Reject offset:2088
# Bunch offset:2096
# Coarse rollover:4095
# Threshold: [100, 150, 1]
# Channel:10
#thr	hits	freq	window	error
-54	0	0	1999	0
-52	0	0	1999	0
-50	0	0	1999	0
-48	0	0	1999	0
-46	0	0	1999	0
-44	0	0	1999	0
-42	0	0	1999	0
-40	0	0	1999	0
-38	0	0	1999	0
-36	0	0	1999	0
-34	0	0	1999	0
-32	0	0	1999	0
-30	0	0	1999	0
-28	0	0	1999	0
-26	0	0	1999	0
-24	0	0	1999	0
-22	0	0	1999	0
-20	0	0	1999	0
-18	0	0	1999	0
-16	5	20000	1999	8944.27
-14	18	72000	1999	16970.6
-12	48	192000	1999	27712.8
-10	235	940000	1999	61318.8
-8	356	2.848e+06	999	150944
-6	218	6.976e+06	249	472474
-4	193	1.2352e+07	124	889116
-2	204	1.3056e+07	124	914103
0	204	1.3056e+07	124	914103
2	157	1.0048e+07	124	801918
4	211	3.376e+06	499	232413
6	233	932000	1999	61057.4
8	73	292000	1999	34176
10	28	112000	1999	21166
12	5	20000	1999	8944.27
14	1	4000	1999	4000
16	0	0	1999	0
18	0	0	1999	0
20	0	0	1999	0
22	0	0	1999	0
24	0	0	1999	0
26	0	0	1999	0
28	0	0	1999	0
30	0	0	1999	0
32	0	0	1999	0
34	0	0	1999	0
36	0	0	1999	0
38	0	0	1999	0
40	0	0	1999	0
42	0	0	1999	0
44	0	0	1999	0
