# Number of sweeps:5
# Match window:31
# Search window:39
# Reject offset:3424
# Bunch offset:3464
# Coarse rollover:3563
# Threshold: [100, 150, 1]
# Channel:0
#thr	hits	freq	window	error
-54	0	0	1999	0
-52	0	0	1999	0
-50	0	0	1999	0
-48	0	0	1999	0
-46	0	0	1999	0
-44	0	0	1999	0
-42	0	0	1999	0
-40	0	0	1999	0
-38	0	0	1999	0
-36	0	0	1999	0
-34	1	4000	1999	4000
-32	3	12000	1999	6928.2
-30	3	12000	1999	6928.2
-28	16	64000	1999	16000
-26	23	92000	1999	19183.3
-24	42	168000	1999	25923
-22	123	492000	1999	44362.1
-20	200	800000	1999	56568.5
-18	421	1.684e+06	1999	82073.1
-16	380	3.04e+06	999	155949
-14	378	6.048e+06	499	311076
-12	315	1.008e+07	249	567944
-10	207	1.3248e+07	124	920800
-8	206	1.3184e+07	124	918573
-6	208	1.3312e+07	124	923021
-4	209	1.3376e+07	124	925237
-2	208	1.3312e+07	124	923021
0	184	1.1776e+07	124	868138
2	204	6.528e+06	249	457051
4	444	3.552e+06	999	168570
6	477	1.908e+06	1999	87361.3
8	250	1e+06	1999	63245.6
10	150	600000	1999	48989.8
12	70	280000	1999	33466.4
14	30	120000	1999	21908.9
16	20	80000	1999	17888.5
18	5	20000	1999	8944.27
20	5	20000	1999	8944.27
22	1	4000	1999	4000
24	3	12000	1999	6928.2
26	1	4000	1999	4000
28	1	4000	1999	4000
30	0	0	1999	0
32	0	0	1999	0
34	0	0	1999	0
36	0	0	1999	0
38	0	0	1999	0
40	0	0	1999	0
42	0	0	1999	0
44	0	0	1999	0
