# Number of sweeps:5
# Match window:1999
# Search window:2007
# Reject offset:2088
# Bunch offset:2096
# Coarse rollover:4095
# Threshold: [100, 150, 1]
# Channel:3
#thr	hits	freq	window	error
-54	0	0	1999	0
-52	0	0	1999	0
-50	0	0	1999	0
-48	0	0	1999	0
-46	0	0	1999	0
-44	0	0	1999	0
-42	0	0	1999	0
-40	0	0	1999	0
-38	0	0	1999	0
-36	0	0	1999	0
-34	0	0	1999	0
-32	0	0	1999	0
-30	0	0	1999	0
-28	0	0	1999	0
-26	0	0	1999	0
-24	1	4000	1999	4000
-22	0	0	1999	0
-20	4	16000	1999	8000
-18	28	112000	1999	21166
-16	100	400000	1999	40000
-14	480	1.92e+06	1999	87635.6
-12	229	7.328e+06	249	484248
-10	168	1.0752e+07	124	829535
-8	195	1.248e+07	124	893711
-6	208	1.3312e+07	124	923021
-4	207	1.3248e+07	124	920800
-2	208	1.3312e+07	124	923021
0	209	1.3376e+07	124	925237
2	318	1.0176e+07	249	570642
4	291	4.656e+06	499	272940
6	212	1.696e+06	999	116482
8	204	816000	1999	57131.4
10	63	252000	1999	31749
12	27	108000	1999	20784.6
14	6	24000	1999	9797.96
16	0	0	1999	0
18	0	0	1999	0
20	0	0	1999	0
22	0	0	1999	0
24	0	0	1999	0
26	0	0	1999	0
28	0	0	1999	0
30	0	0	1999	0
32	0	0	1999	0
34	0	0	1999	0
36	0	0	1999	0
38	0	0	1999	0
40	0	0	1999	0
42	0	0	1999	0
44	0	0	1999	0
