# Number of sweeps:5
# Match window:1999
# Search window:2007
# Reject offset:2088
# Bunch offset:2096
# Coarse rollover:4095
# Threshold: [100, 150, 1]
# Channel:7
#thr	hits	freq	window	error
-54	0	0	1999	0
-52	0	0	1999	0
-50	0	0	1999	0
-48	0	0	1999	0
-46	0	0	1999	0
-44	0	0	1999	0
-42	0	0	1999	0
-40	0	0	1999	0
-38	0	0	1999	0
-36	0	0	1999	0
-34	0	0	1999	0
-32	0	0	1999	0
-30	0	0	1999	0
-28	0	0	1999	0
-26	0	0	1999	0
-24	0	0	1999	0
-22	0	0	1999	0
-20	1	4000	1999	4000
-18	4	16000	1999	8000
-16	39	156000	1999	24980
-14	207	828000	1999	57550
-12	234	3.744e+06	499	244753
-10	292	9.344e+06	249	546816
-8	202	1.2928e+07	124	909611
-6	209	1.3376e+07	124	925237
-4	207	1.3248e+07	124	920800
-2	207	1.3248e+07	124	920800
0	315	1.008e+07	249	567944
2	252	4.032e+06	499	253992
4	246	984000	1999	62737.5
6	53	212000	1999	29120.4
8	5	20000	1999	8944.27
10	4	16000	1999	8000
12	1	4000	1999	4000
14	0	0	1999	0
16	0	0	1999	0
18	0	0	1999	0
20	0	0	1999	0
22	0	0	1999	0
24	0	0	1999	0
26	0	0	1999	0
28	0	0	1999	0
30	0	0	1999	0
32	0	0	1999	0
34	0	0	1999	0
36	0	0	1999	0
38	0	0	1999	0
40	0	0	1999	0
42	0	0	1999	0
44	0	0	1999	0
