# Number of sweeps:5
# Match window:1999
# Search window:2007
# Reject offset:2088
# Bunch offset:2096
# Coarse rollover:4095
# Threshold: [100, 150, 1]
# Channel:23
#thr	hits	freq	window	error
-54	0	0	1999	0
-52	0	0	1999	0
-50	0	0	1999	0
-48	0	0	1999	0
-46	0	0	1999	0
-44	0	0	1999	0
-42	0	0	1999	0
-40	0	0	1999	0
-38	0	0	1999	0
-36	0	0	1999	0
-34	0	0	1999	0
-32	0	0	1999	0
-30	0	0	1999	0
-28	0	0	1999	0
-26	0	0	1999	0
-24	0	0	1999	0
-22	0	0	1999	0
-20	11	44000	1999	13266.5
-18	12	48000	1999	13856.4
-16	73	292000	1999	34176
-14	298	1.192e+06	1999	69050.7
-12	292	4.672e+06	499	273408
-10	331	1.0592e+07	249	582189
-8	196	1.2544e+07	124	896000
-6	202	1.2928e+07	124	909611
-4	209	1.3376e+07	124	925237
-2	167	1.0688e+07	124	827062
0	182	2.912e+06	499	215852
2	43	172000	1999	26229.8
4	3	12000	1999	6928.2
6	1	4000	1999	4000
8	0	0	1999	0
10	0	0	1999	0
12	0	0	1999	0
14	0	0	1999	0
16	0	0	1999	0
18	0	0	1999	0
20	0	0	1999	0
22	0	0	1999	0
24	0	0	1999	0
26	0	0	1999	0
28	0	0	1999	0
30	0	0	1999	0
32	0	0	1999	0
34	0	0	1999	0
36	0	0	1999	0
38	0	0	1999	0
40	0	0	1999	0
42	0	0	1999	0
44	0	0	1999	0
