# Number of sweeps:5
# Match window:1999
# Search window:2007
# Reject offset:2088
# Bunch offset:2096
# Coarse rollover:4095
# Threshold: [100, 150, 1]
# Channel:9
#thr	hits	freq	window	error
-54	0	0	1999	0
-52	0	0	1999	0
-50	0	0	1999	0
-48	0	0	1999	0
-46	0	0	1999	0
-44	0	0	1999	0
-42	0	0	1999	0
-40	0	0	1999	0
-38	0	0	1999	0
-36	0	0	1999	0
-34	0	0	1999	0
-32	0	0	1999	0
-30	0	0	1999	0
-28	0	0	1999	0
-26	0	0	1999	0
-24	0	0	1999	0
-22	2	8000	1999	5656.85
-20	1	4000	1999	4000
-18	10	40000	1999	12649.1
-16	27	108000	1999	20784.6
-14	85	340000	1999	36878.2
-12	230	920000	1999	60663
-10	308	2.464e+06	999	140399
-8	321	5.136e+06	499	286664
-6	297	9.504e+06	249	551478
-4	199	1.2736e+07	124	902831
-2	204	1.3056e+07	124	914103
0	193	1.2352e+07	124	889116
2	163	1.0432e+07	124	817097
4	384	1.536e+06	1999	78383.7
6	43	172000	1999	26229.8
8	8	32000	1999	11313.7
10	0	0	1999	0
12	0	0	1999	0
14	0	0	1999	0
16	0	0	1999	0
18	0	0	1999	0
20	0	0	1999	0
22	0	0	1999	0
24	0	0	1999	0
26	0	0	1999	0
28	0	0	1999	0
30	0	0	1999	0
32	0	0	1999	0
34	0	0	1999	0
36	0	0	1999	0
38	0	0	1999	0
40	0	0	1999	0
42	0	0	1999	0
44	0	0	1999	0
