# Number of sweeps:5
# Match window:1999
# Search window:2007
# Reject offset:2088
# Bunch offset:2096
# Coarse rollover:4095
# Threshold: [100, 150, 1]
# Channel:19
#thr	hits	freq	window	error
-54	0	0	1999	0
-52	0	0	1999	0
-50	0	0	1999	0
-48	0	0	1999	0
-46	0	0	1999	0
-44	0	0	1999	0
-42	0	0	1999	0
-40	0	0	1999	0
-38	0	0	1999	0
-36	0	0	1999	0
-34	0	0	1999	0
-32	0	0	1999	0
-30	0	0	1999	0
-28	0	0	1999	0
-26	0	0	1999	0
-24	0	0	1999	0
-22	0	0	1999	0
-20	0	0	1999	0
-18	1	4000	1999	4000
-16	6	24000	1999	9797.96
-14	41	164000	1999	25612.5
-12	285	1.14e+06	1999	67527.8
-10	217	6.944e+06	249	471389
-8	185	1.184e+07	124	870494
-6	209	1.3376e+07	124	925237
-4	208	1.3312e+07	124	923021
-2	213	1.3632e+07	124	934049
0	337	1.0784e+07	249	587442
2	292	4.672e+06	499	273408
4	363	1.452e+06	1999	76210.2
6	141	564000	1999	47497.4
8	40	160000	1999	25298.2
10	8	32000	1999	11313.7
12	1	4000	1999	4000
14	1	4000	1999	4000
16	1	4000	1999	4000
18	0	0	1999	0
20	0	0	1999	0
22	0	0	1999	0
24	0	0	1999	0
26	0	0	1999	0
28	0	0	1999	0
30	0	0	1999	0
32	0	0	1999	0
34	0	0	1999	0
36	0	0	1999	0
38	0	0	1999	0
40	0	0	1999	0
42	0	0	1999	0
44	0	0	1999	0
