# Number of sweeps:5
# Match window:1999
# Search window:2007
# Reject offset:2088
# Bunch offset:2096
# Coarse rollover:4095
# Threshold: [100, 150, 1]
# Channel:2
#thr	hits	freq	window	error
-54	0	0	1999	0
-52	0	0	1999	0
-50	0	0	1999	0
-48	0	0	1999	0
-46	0	0	1999	0
-44	0	0	1999	0
-42	0	0	1999	0
-40	0	0	1999	0
-38	0	0	1999	0
-36	0	0	1999	0
-34	0	0	1999	0
-32	0	0	1999	0
-30	0	0	1999	0
-28	0	0	1999	0
-26	0	0	1999	0
-24	4	16000	1999	8000
-22	6	24000	1999	9797.96
-20	30	120000	1999	21908.9
-18	88	352000	1999	37523.3
-16	245	980000	1999	62609.9
-14	377	3.016e+06	999	155332
-12	266	8.512e+06	249	521904
-10	374	1.1968e+07	249	618851
-8	206	1.3184e+07	124	918573
-6	209	1.3376e+07	124	925237
-4	209	1.3376e+07	124	925237
-2	210	1.344e+07	124	927448
0	205	1.312e+07	124	916341
2	315	1.008e+07	249	567944
4	381	6.096e+06	499	312308
6	408	3.264e+06	999	161592
8	392	1.568e+06	1999	79196
10	169	676000	1999	52000
12	71	284000	1999	33704.6
14	29	116000	1999	21540.7
16	14	56000	1999	14966.6
18	6	24000	1999	9797.96
20	3	12000	1999	6928.2
22	0	0	1999	0
24	1	4000	1999	4000
26	0	0	1999	0
28	0	0	1999	0
30	0	0	1999	0
32	0	0	1999	0
34	0	0	1999	0
36	0	0	1999	0
38	0	0	1999	0
40	0	0	1999	0
42	0	0	1999	0
44	0	0	1999	0
