# Number of sweeps:5
# Match window:1999
# Search window:2007
# Reject offset:2088
# Bunch offset:2096
# Coarse rollover:4095
# Threshold: [100, 150, 1]
# Channel:17
#thr	hits	freq	window	error
-54	0	0	1999	0
-52	0	0	1999	0
-50	0	0	1999	0
-48	0	0	1999	0
-46	0	0	1999	0
-44	0	0	1999	0
-42	0	0	1999	0
-40	0	0	1999	0
-38	0	0	1999	0
-36	0	0	1999	0
-34	0	0	1999	0
-32	0	0	1999	0
-30	0	0	1999	0
-28	0	0	1999	0
-26	1	4000	1999	4000
-24	5	20000	1999	8944.27
-22	22	88000	1999	18761.7
-20	66	264000	1999	32496.2
-18	182	728000	1999	53963
-16	438	1.752e+06	1999	83713.8
-14	225	3.6e+06	499	240000
-12	257	8.224e+06	249	512999
-10	191	1.2224e+07	124	884498
-8	209	1.3376e+07	124	925237
-6	204	1.3056e+07	124	914103
-4	207	1.3248e+07	124	920800
-2	197	1.2608e+07	124	898283
0	184	5.888e+06	249	434069
2	128	512000	1999	45254.8
4	37	148000	1999	24331.1
6	9	36000	1999	12000
8	0	0	1999	0
10	2	8000	1999	5656.85
12	0	0	1999	0
14	0	0	1999	0
16	0	0	1999	0
18	0	0	1999	0
20	0	0	1999	0
22	0	0	1999	0
24	0	0	1999	0
26	0	0	1999	0
28	0	0	1999	0
30	0	0	1999	0
32	0	0	1999	0
34	0	0	1999	0
36	0	0	1999	0
38	0	0	1999	0
40	0	0	1999	0
42	0	0	1999	0
44	0	0	1999	0
