# Number of sweeps:5
# Match window:1999
# Search window:2007
# Reject offset:2088
# Bunch offset:2096
# Coarse rollover:4095
# Threshold: [100, 150, 1]
# Channel:6
#thr	hits	freq	window	error
-54	0	0	1999	0
-52	0	0	1999	0
-50	0	0	1999	0
-48	0	0	1999	0
-46	0	0	1999	0
-44	0	0	1999	0
-42	0	0	1999	0
-40	0	0	1999	0
-38	0	0	1999	0
-36	0	0	1999	0
-34	0	0	1999	0
-32	0	0	1999	0
-30	0	0	1999	0
-28	1	4000	1999	4000
-26	2	8000	1999	5656.85
-24	6	24000	1999	9797.96
-22	26	104000	1999	20396.1
-20	81	324000	1999	36000
-18	292	1.168e+06	1999	68352
-16	393	3.144e+06	999	158594
-14	240	7.68e+06	249	495742
-12	191	1.2224e+07	124	884498
-10	205	1.312e+07	124	916341
-8	209	1.3376e+07	124	925237
-6	206	1.3184e+07	124	918573
-4	206	1.3184e+07	124	918573
-2	208	1.3312e+07	124	923021
0	331	1.0592e+07	249	582189
2	357	2.856e+06	999	151156
4	112	448000	1999	42332
6	29	116000	1999	21540.7
8	3	12000	1999	6928.2
10	0	0	1999	0
12	0	0	1999	0
14	0	0	1999	0
16	0	0	1999	0
18	0	0	1999	0
20	0	0	1999	0
22	0	0	1999	0
24	0	0	1999	0
26	0	0	1999	0
28	0	0	1999	0
30	0	0	1999	0
32	0	0	1999	0
34	0	0	1999	0
36	0	0	1999	0
38	0	0	1999	0
40	0	0	1999	0
42	0	0	1999	0
44	0	0	1999	0
