# Number of sweeps:5
# Match window:1999
# Search window:2007
# Reject offset:2088
# Bunch offset:2096
# Coarse rollover:4095
# Threshold: [100, 150, 1]
# Channel:15
#thr	hits	freq	window	error
-54	0	0	1999	0
-52	0	0	1999	0
-50	0	0	1999	0
-48	0	0	1999	0
-46	0	0	1999	0
-44	0	0	1999	0
-42	0	0	1999	0
-40	0	0	1999	0
-38	0	0	1999	0
-36	0	0	1999	0
-34	0	0	1999	0
-32	0	0	1999	0
-30	0	0	1999	0
-28	0	0	1999	0
-26	0	0	1999	0
-24	0	0	1999	0
-22	0	0	1999	0
-20	0	0	1999	0
-18	0	0	1999	0
-16	0	0	1999	0
-14	0	0	1999	0
-12	7	28000	1999	10583
-10	29	116000	1999	21540.7
-8	261	1.044e+06	1999	64622
-6	269	4.304e+06	499	262420
-4	295	9.44e+06	249	549618
-2	195	1.248e+07	124	893711
0	210	1.344e+07	124	927448
2	184	1.1776e+07	124	868138
4	387	3.096e+06	999	157379
6	220	880000	1999	59329.6
8	46	184000	1999	27129.3
10	6	24000	1999	9797.96
12	5	20000	1999	8944.27
14	0	0	1999	0
16	0	0	1999	0
18	0	0	1999	0
20	0	0	1999	0
22	0	0	1999	0
24	0	0	1999	0
26	0	0	1999	0
28	0	0	1999	0
30	0	0	1999	0
32	0	0	1999	0
34	0	0	1999	0
36	0	0	1999	0
38	0	0	1999	0
40	0	0	1999	0
42	0	0	1999	0
44	0	0	1999	0
