# Number of sweeps:5
# Match window:1999
# Search window:2007
# Reject offset:2088
# Bunch offset:2096
# Coarse rollover:4095
# Threshold: [100, 150, 1]
# Channel:16
#thr	hits	freq	window	error
-54	0	0	1999	0
-52	0	0	1999	0
-50	0	0	1999	0
-48	0	0	1999	0
-46	0	0	1999	0
-44	0	0	1999	0
-42	0	0	1999	0
-40	0	0	1999	0
-38	0	0	1999	0
-36	0	0	1999	0
-34	0	0	1999	0
-32	0	0	1999	0
-30	0	0	1999	0
-28	0	0	1999	0
-26	0	0	1999	0
-24	0	0	1999	0
-22	2	8000	1999	5656.85
-20	2	8000	1999	5656.85
-18	23	92000	1999	19183.3
-16	57	228000	1999	30199.3
-14	190	760000	1999	55136.2
-12	313	2.504e+06	999	141534
-10	267	8.544e+06	249	522884
-8	194	1.2416e+07	124	891417
-6	202	1.2928e+07	124	909611
-4	207	1.3248e+07	124	920800
-2	207	1.3248e+07	124	920800
0	217	6.944e+06	249	471389
2	411	1.644e+06	1999	81092.5
4	139	556000	1999	47159.3
6	61	244000	1999	31241
8	17	68000	1999	16492.4
10	5	20000	1999	8944.27
12	3	12000	1999	6928.2
14	2	8000	1999	5656.85
16	0	0	1999	0
18	0	0	1999	0
20	0	0	1999	0
22	0	0	1999	0
24	0	0	1999	0
26	0	0	1999	0
28	0	0	1999	0
30	0	0	1999	0
32	0	0	1999	0
34	0	0	1999	0
36	0	0	1999	0
38	0	0	1999	0
40	0	0	1999	0
42	0	0	1999	0
44	0	0	1999	0
