# Number of sweeps:5
# Match window:1999
# Search window:2007
# Reject offset:2088
# Bunch offset:2096
# Coarse rollover:4095
# Threshold: [100, 150, 1]
# Channel:8
#thr	hits	freq	window	error
-54	0	0	1999	0
-52	0	0	1999	0
-50	0	0	1999	0
-48	0	0	1999	0
-46	0	0	1999	0
-44	0	0	1999	0
-42	0	0	1999	0
-40	0	0	1999	0
-38	0	0	1999	0
-36	0	0	1999	0
-34	0	0	1999	0
-32	0	0	1999	0
-30	0	0	1999	0
-28	0	0	1999	0
-26	0	0	1999	0
-24	0	0	1999	0
-22	0	0	1999	0
-20	1	4000	1999	4000
-18	1	4000	1999	4000
-16	4	16000	1999	8000
-14	12	48000	1999	13856.4
-12	34	136000	1999	23323.8
-10	130	520000	1999	45607
-8	379	1.516e+06	1999	77871.7
-6	275	4.4e+06	499	265330
-4	288	9.216e+06	249	543058
-2	198	1.2672e+07	124	900560
0	206	1.3184e+07	124	918573
2	179	1.1456e+07	124	856262
4	281	4.496e+06	499	268209
6	420	1.68e+06	1999	81975.6
8	171	684000	1999	52306.8
10	60	240000	1999	30983.9
12	24	96000	1999	19595.9
14	2	8000	1999	5656.85
16	2	8000	1999	5656.85
18	2	8000	1999	5656.85
20	0	0	1999	0
22	0	0	1999	0
24	0	0	1999	0
26	0	0	1999	0
28	0	0	1999	0
30	0	0	1999	0
32	0	0	1999	0
34	0	0	1999	0
36	0	0	1999	0
38	0	0	1999	0
40	0	0	1999	0
42	0	0	1999	0
44	0	0	1999	0
