# Number of sweeps:5
# Match window:1999
# Search window:2007
# Reject offset:2088
# Bunch offset:2096
# Coarse rollover:4095
# Threshold: [100, 150, 1]
# Channel:13
#thr	hits	freq	window	error
-54	0	0	1999	0
-52	0	0	1999	0
-50	0	0	1999	0
-48	0	0	1999	0
-46	0	0	1999	0
-44	0	0	1999	0
-42	0	0	1999	0
-40	0	0	1999	0
-38	0	0	1999	0
-36	0	0	1999	0
-34	0	0	1999	0
-32	0	0	1999	0
-30	0	0	1999	0
-28	0	0	1999	0
-26	0	0	1999	0
-24	1	4000	1999	4000
-22	0	0	1999	0
-20	5	20000	1999	8944.27
-18	14	56000	1999	14966.6
-16	55	220000	1999	29664.8
-14	171	684000	1999	52306.8
-12	450	1.8e+06	1999	84852.8
-10	277	4.432e+06	499	266293
-8	277	8.864e+06	249	532586
-6	186	1.1904e+07	124	872844
-4	187	1.1968e+07	124	875187
-2	205	1.312e+07	124	916341
0	197	1.2608e+07	124	898283
2	167	1.0688e+07	124	827062
4	340	2.72e+06	999	147513
6	108	432000	1999	41569.2
8	24	96000	1999	19595.9
10	8	32000	1999	11313.7
12	3	12000	1999	6928.2
14	1	4000	1999	4000
16	0	0	1999	0
18	0	0	1999	0
20	0	0	1999	0
22	0	0	1999	0
24	0	0	1999	0
26	0	0	1999	0
28	0	0	1999	0
30	0	0	1999	0
32	0	0	1999	0
34	0	0	1999	0
36	0	0	1999	0
38	0	0	1999	0
40	0	0	1999	0
42	0	0	1999	0
44	0	0	1999	0
