# Number of sweeps:5
# Match window:1999
# Search window:2007
# Reject offset:2088
# Bunch offset:2096
# Coarse rollover:4095
# Threshold: [100, 150, 1]
# Channel:4
#thr	hits	freq	window	error
-54	0	0	1999	0
-52	0	0	1999	0
-50	0	0	1999	0
-48	0	0	1999	0
-46	0	0	1999	0
-44	0	0	1999	0
-42	0	0	1999	0
-40	0	0	1999	0
-38	0	0	1999	0
-36	0	0	1999	0
-34	0	0	1999	0
-32	2	8000	1999	5656.85
-30	9	36000	1999	12000
-28	15	60000	1999	15491.9
-26	63	252000	1999	31749
-24	175	700000	1999	52915
-22	332	1.328e+06	1999	72883.5
-20	332	2.656e+06	999	145767
-18	334	5.344e+06	499	292411
-16	285	9.12e+06	249	540222
-14	183	1.1712e+07	124	865776
-12	203	1.2992e+07	124	911860
-10	208	1.3312e+07	124	923021
-8	207	1.3248e+07	124	920800
-6	207	1.3248e+07	124	920800
-4	206	1.3184e+07	124	918573
-2	202	1.2928e+07	124	909611
0	306	9.792e+06	249	559771
2	273	2.184e+06	999	132182
4	72	288000	1999	33941.1
6	17	68000	1999	16492.4
8	2	8000	1999	5656.85
10	0	0	1999	0
12	0	0	1999	0
14	0	0	1999	0
16	0	0	1999	0
18	0	0	1999	0
20	0	0	1999	0
22	0	0	1999	0
24	0	0	1999	0
26	0	0	1999	0
28	0	0	1999	0
30	0	0	1999	0
32	0	0	1999	0
34	0	0	1999	0
36	0	0	1999	0
38	0	0	1999	0
40	0	0	1999	0
42	0	0	1999	0
44	0	0	1999	0
