# Number of sweeps:5
# Match window:1999
# Search window:2007
# Reject offset:2088
# Bunch offset:2096
# Coarse rollover:4095
# Threshold: [100, 150, 1]
# Channel:14
#thr	hits	freq	window	error
-54	0	0	1999	0
-52	0	0	1999	0
-50	0	0	1999	0
-48	0	0	1999	0
-46	0	0	1999	0
-44	0	0	1999	0
-42	0	0	1999	0
-40	0	0	1999	0
-38	0	0	1999	0
-36	0	0	1999	0
-34	0	0	1999	0
-32	0	0	1999	0
-30	0	0	1999	0
-28	0	0	1999	0
-26	1	4000	1999	4000
-24	1	4000	1999	4000
-22	6	24000	1999	9797.96
-20	20	80000	1999	17888.5
-18	40	160000	1999	25298.2
-16	118	472000	1999	43451.1
-14	304	1.216e+06	1999	69742.4
-12	354	2.832e+06	999	150519
-10	355	5.68e+06	499	301463
-8	300	9.6e+06	249	554256
-6	353	1.1296e+07	249	601225
-4	177	1.1328e+07	124	851465
-2	195	1.248e+07	124	893711
0	201	1.2864e+07	124	907357
2	274	8.768e+06	249	529694
4	353	1.412e+06	1999	75153.2
6	47	188000	1999	27422.6
8	7	28000	1999	10583
10	3	12000	1999	6928.2
12	0	0	1999	0
14	0	0	1999	0
16	0	0	1999	0
18	0	0	1999	0
20	0	0	1999	0
22	0	0	1999	0
24	0	0	1999	0
26	0	0	1999	0
28	0	0	1999	0
30	0	0	1999	0
32	0	0	1999	0
34	0	0	1999	0
36	0	0	1999	0
38	0	0	1999	0
40	0	0	1999	0
42	0	0	1999	0
44	0	0	1999	0
