# Number of sweeps:5
# Match window:1999
# Search window:2007
# Reject offset:2088
# Bunch offset:2096
# Coarse rollover:4095
# Threshold: [100, 150, 1]
# Channel:1
#thr	hits	freq	window	error
-54	0	0	1999	0
-52	0	0	1999	0
-50	0	0	1999	0
-48	0	0	1999	0
-46	0	0	1999	0
-44	0	0	1999	0
-42	0	0	1999	0
-40	0	0	1999	0
-38	0	0	1999	0
-36	0	0	1999	0
-34	0	0	1999	0
-32	0	0	1999	0
-30	0	0	1999	0
-28	0	0	1999	0
-26	1	4000	1999	4000
-24	4	16000	1999	8000
-22	14	56000	1999	14966.6
-20	33	132000	1999	22978.3
-18	118	472000	1999	43451.1
-16	291	1.164e+06	1999	68234.9
-14	376	3.008e+06	999	155126
-12	245	7.84e+06	249	500879
-10	200	1.28e+07	124	905097
-8	212	1.3568e+07	124	931854
-6	210	1.344e+07	124	927448
-4	206	1.3184e+07	124	918573
-2	207	1.3248e+07	124	920800
0	206	1.3184e+07	124	918573
2	169	5.408e+06	249	416000
4	268	2.144e+06	999	130966
6	183	732000	1999	54111
8	61	244000	1999	31241
10	31	124000	1999	22271.1
12	5	20000	1999	8944.27
14	1	4000	1999	4000
16	0	0	1999	0
18	0	0	1999	0
20	0	0	1999	0
22	0	0	1999	0
24	0	0	1999	0
26	0	0	1999	0
28	0	0	1999	0
30	0	0	1999	0
32	0	0	1999	0
34	0	0	1999	0
36	0	0	1999	0
38	0	0	1999	0
40	0	0	1999	0
42	0	0	1999	0
44	0	0	1999	0
