# Number of sweeps:20
# Match window:1999
# Search window:2007
# Reject offset:2088
# Bunch offset:2096
# Coarse rollover:4095
# Threshold: [100, 150, 1]
# Channel:17
#thr	hits	freq	window	error
-54	0	0	1999	0
-52	0	0	1999	0
-50	0	0	1999	0
-48	0	0	1999	0
-46	0	0	1999	0
-44	0	0	1999	0
-42	0	0	1999	0
-40	0	0	1999	0
-38	0	0	1999	0
-36	0	0	1999	0
-34	0	0	1999	0
-32	0	0	1999	0
-30	0	0	1999	0
-28	0	0	1999	0
-26	0	0	1999	0
-24	0	0	1999	0
-22	0	0	1999	0
-20	0	0	1999	0
-18	0	0	1999	0
-16	2	2000	1999	1414.21
-14	6	6000	1999	2449.49
-12	26	26000	1999	5099.02
-10	176	176000	1999	13266.5
-8	1006	1.006e+06	1999	31717.5
-6	651	5.208e+06	249	204118
-4	774	1.2384e+07	124	445134
-2	811	1.2976e+07	124	455649
0	834	1.3344e+07	124	462065
2	803	1.2848e+07	124	453396
4	896	7.168e+06	249	239466
6	1112	2.224e+06	999	66693.3
8	875	875000	1999	29580.4
10	294	294000	1999	17146.4
12	86	86000	1999	9273.62
14	23	23000	1999	4795.83
16	1	1000	1999	1000
18	1	1000	1999	1000
20	1	1000	1999	1000
22	0	0	1999	0
24	0	0	1999	0
26	0	0	1999	0
28	0	0	1999	0
30	0	0	1999	0
32	0	0	1999	0
34	0	0	1999	0
36	0	0	1999	0
38	0	0	1999	0
40	0	0	1999	0
42	0	0	1999	0
44	0	0	1999	0
