# Number of sweeps:50
# Match window:1999
# Search window:2007
# Reject offset:2088
# Bunch offset:2096
# Coarse rollover:4095
# Threshold: [100, 150, 1]
# Channel:6
#thr	hits	freq	window	error
-54	0	0	1999	0
-52	0	0	1999	0
-50	0	0	1999	0
-48	0	0	1999	0
-46	0	0	1999	0
-44	0	0	1999	0
-42	0	0	1999	0
-40	0	0	1999	0
-38	0	0	1999	0
-36	0	0	1999	0
-34	0	0	1999	0
-32	3	1200	1999	692.82
-30	16	6400	1999	1600
-28	52	20800	1999	2884.44
-26	162	64800	1999	5091.17
-24	478	191200	1999	8745.28
-22	1320	528000	1999	14532.7
-20	3846	1.5384e+06	1999	24806.5
-18	0	0	999	0
-16	0	0	999	0
-14	0	0	999	0
-12	0	0	999	0
-10	0	0	999	0
-8	0	0	999	0
-6	0	0	999	0
-4	0	0	999	0
-2	0	0	999	0
0	0	0	999	0
2	0	0	999	0
4	0	0	999	0
6	0	0	999	0
8	1575	630000	1999	15874.5
10	353	141200	1999	7515.32
12	94	37600	1999	3878.14
14	18	7200	1999	1697.06
16	10	4000	1999	1264.91
18	2	800	1999	565.685
20	0	0	1999	0
22	1	400	1999	400
24	0	0	1999	0
26	0	0	1999	0
28	0	0	1999	0
30	0	0	1999	0
32	0	0	1999	0
34	0	0	1999	0
36	0	0	1999	0
38	0	0	1999	0
40	0	0	1999	0
42	0	0	1999	0
44	0	0	1999	0
