# Number of sweeps:20
# Match window:1999
# Search window:2007
# Reject offset:2088
# Bunch offset:2096
# Coarse rollover:4095
# Threshold: [100, 150, 1]
# Channel:23
#thr	hits	freq	window	error
-54	0	0	1999	0
-52	0	0	1999	0
-50	0	0	1999	0
-48	0	0	1999	0
-46	0	0	1999	0
-44	0	0	1999	0
-42	0	0	1999	0
-40	0	0	1999	0
-38	0	0	1999	0
-36	0	0	1999	0
-34	0	0	1999	0
-32	0	0	1999	0
-30	0	0	1999	0
-28	0	0	1999	0
-26	0	0	1999	0
-24	0	0	1999	0
-22	0	0	1999	0
-20	0	0	1999	0
-18	0	0	1999	0
-16	0	0	1999	0
-14	13	13000	1999	3605.55
-12	79	79000	1999	8888.19
-10	437	437000	1999	20904.5
-8	947	1.894e+06	999	61546.7
-6	891	7.128e+06	249	238797
-4	776	1.2416e+07	124	445708
-2	821	1.3136e+07	124	458450
0	833	1.3328e+07	124	461788
2	790	1.264e+07	124	449711
4	631	5.048e+06	249	200958
6	1277	1.277e+06	1999	35735.1
8	362	362000	1999	19026.3
10	84	84000	1999	9165.15
12	34	34000	1999	5830.95
14	7	7000	1999	2645.75
16	2	2000	1999	1414.21
18	0	0	1999	0
20	1	1000	1999	1000
22	0	0	1999	0
24	0	0	1999	0
26	0	0	1999	0
28	0	0	1999	0
30	0	0	1999	0
32	0	0	1999	0
34	0	0	1999	0
36	0	0	1999	0
38	0	0	1999	0
40	0	0	1999	0
42	0	0	1999	0
44	0	0	1999	0
