# Number of sweeps:50
# Match window:1999
# Search window:2007
# Reject offset:2088
# Bunch offset:2096
# Coarse rollover:4095
# Threshold: [100, 150, 1]
# Channel:19
#thr	hits	freq	window	error
-54	0	0	1999	0
-52	0	0	1999	0
-50	0	0	1999	0
-48	0	0	1999	0
-46	0	0	1999	0
-44	0	0	1999	0
-42	0	0	1999	0
-40	0	0	1999	0
-38	0	0	1999	0
-36	0	0	1999	0
-34	0	0	1999	0
-32	0	0	1999	0
-30	0	0	1999	0
-28	0	0	1999	0
-26	0	0	1999	0
-24	0	0	1999	0
-22	2	800	1999	565.685
-20	12	4800	1999	1385.64
-18	87	34800	1999	3730.95
-16	423	169200	1999	8226.79
-14	2958	1.1832e+06	1999	21755
-12	0	0	999	0
-10	0	0	999	0
-8	0	0	999	0
-6	0	0	999	0
-4	0	0	999	0
-2	0	0	999	0
0	0	0	999	0
2	0	0	999	0
4	0	0	999	0
6	2546	1.0184e+06	1999	20183.2
8	836	334400	1999	11565.5
10	301	120400	1999	6939.74
12	84	33600	1999	3666.06
14	28	11200	1999	2116.6
16	7	2800	1999	1058.3
18	2	800	1999	565.685
20	0	0	1999	0
22	0	0	1999	0
24	0	0	1999	0
26	0	0	1999	0
28	0	0	1999	0
30	0	0	1999	0
32	0	0	1999	0
34	0	0	1999	0
36	0	0	1999	0
38	0	0	1999	0
40	0	0	1999	0
42	0	0	1999	0
44	0	0	1999	0
