# Number of sweeps:50
# Match window:1999
# Search window:2007
# Reject offset:2088
# Bunch offset:2096
# Coarse rollover:4095
# Threshold: [100, 150, 1]
# Channel:7
#thr	hits	freq	window	error
-54	0	0	1999	0
-52	0	0	1999	0
-50	0	0	1999	0
-48	0	0	1999	0
-46	0	0	1999	0
-44	0	0	1999	0
-42	0	0	1999	0
-40	0	0	1999	0
-38	0	0	1999	0
-36	0	0	1999	0
-34	0	0	1999	0
-32	0	0	1999	0
-30	0	0	1999	0
-28	0	0	1999	0
-26	2	800	1999	565.685
-24	5	2000	1999	894.427
-22	36	14400	1999	2400
-20	186	74400	1999	5455.27
-18	1050	420000	1999	12961.5
-16	0	0	999	0
-14	0	0	999	0
-12	0	0	999	0
-10	0	0	999	0
-8	0	0	999	0
-6	0	0	999	0
-4	0	0	999	0
-2	0	0	999	0
0	0	0	999	0
2	0	0	999	0
4	0	0	999	0
6	0	0	999	0
8	2077	830800	1999	18229.6
10	481	192400	1999	8772.68
12	129	51600	1999	4543.13
14	33	13200	1999	2297.83
16	6	2400	1999	979.796
18	5	2000	1999	894.427
20	2	800	1999	565.685
22	0	0	1999	0
24	0	0	1999	0
26	0	0	1999	0
28	0	0	1999	0
30	0	0	1999	0
32	0	0	1999	0
34	0	0	1999	0
36	0	0	1999	0
38	0	0	1999	0
40	0	0	1999	0
42	0	0	1999	0
44	0	0	1999	0
