# Number of sweeps:20
# Match window:1999
# Search window:2007
# Reject offset:2088
# Bunch offset:2096
# Coarse rollover:4095
# Threshold: [100, 150, 1]
# Channel:3
#thr	hits	freq	window	error
-54	0	0	1999	0
-52	0	0	1999	0
-50	0	0	1999	0
-48	0	0	1999	0
-46	0	0	1999	0
-44	0	0	1999	0
-42	0	0	1999	0
-40	0	0	1999	0
-38	0	0	1999	0
-36	0	0	1999	0
-34	0	0	1999	0
-32	0	0	1999	0
-30	0	0	1999	0
-28	0	0	1999	0
-26	0	0	1999	0
-24	0	0	1999	0
-22	0	0	1999	0
-20	0	0	1999	0
-18	1	1000	1999	1000
-16	9	9000	1999	3000
-14	53	53000	1999	7280.11
-12	171	171000	1999	13076.7
-10	622	622000	1999	24939.9
-8	978	1.956e+06	999	62546
-6	1375	5.5e+06	499	148324
-4	712	1.1392e+07	124	426933
-2	827	1.3232e+07	124	460122
0	834	1.3344e+07	124	462065
2	835	1.336e+07	124	462342
4	836	1.3376e+07	124	462619
6	833	1.3328e+07	124	461788
8	737	1.1792e+07	124	434364
10	1047	4.188e+06	499	129430
12	975	975000	1999	31225
14	289	289000	1999	17000
16	83	83000	1999	9110.43
18	13	13000	1999	3605.55
20	1	1000	1999	1000
22	0	0	1999	0
24	0	0	1999	0
26	0	0	1999	0
28	0	0	1999	0
30	0	0	1999	0
32	0	0	1999	0
34	0	0	1999	0
36	0	0	1999	0
38	0	0	1999	0
40	0	0	1999	0
42	0	0	1999	0
44	0	0	1999	0
