# Number of sweeps:50
# Match window:1999
# Search window:2007
# Reject offset:2088
# Bunch offset:2096
# Coarse rollover:4095
# Threshold: [100, 150, 1]
# Channel:5
#thr	hits	freq	window	error
-54	0	0	1999	0
-52	0	0	1999	0
-50	0	0	1999	0
-48	0	0	1999	0
-46	0	0	1999	0
-44	0	0	1999	0
-42	0	0	1999	0
-40	0	0	1999	0
-38	0	0	1999	0
-36	0	0	1999	0
-34	1	400	1999	400
-32	8	3200	1999	1131.37
-30	47	18800	1999	2742.26
-28	124	49600	1999	4454.21
-26	401	160400	1999	8009.99
-24	1117	446800	1999	13368.6
-22	2865	1.146e+06	1999	21410.3
-20	0	0	999	0
-18	0	0	999	0
-16	0	0	999	0
-14	0	0	999	0
-12	0	0	999	0
-10	0	0	999	0
-8	0	0	999	0
-6	0	0	999	0
-4	0	0	999	0
-2	0	0	999	0
0	0	0	999	0
2	0	0	999	0
4	0	0	999	0
6	0	0	999	0
8	966	386400	1999	12432.2
10	144	57600	1999	4800
12	25	10000	1999	2000
14	7	2800	1999	1058.3
16	0	0	1999	0
18	1	400	1999	400
20	0	0	1999	0
22	0	0	1999	0
24	0	0	1999	0
26	0	0	1999	0
28	0	0	1999	0
30	0	0	1999	0
32	0	0	1999	0
34	0	0	1999	0
36	0	0	1999	0
38	0	0	1999	0
40	0	0	1999	0
42	0	0	1999	0
44	0	0	1999	0
