# Number of sweeps:20
# Match window:1999
# Search window:2007
# Reject offset:2088
# Bunch offset:2096
# Coarse rollover:4095
# Threshold: [100, 150, 1]
# Channel:21
#thr	hits	freq	window	error
-54	0	0	1999	0
-52	0	0	1999	0
-50	0	0	1999	0
-48	0	0	1999	0
-46	0	0	1999	0
-44	0	0	1999	0
-42	0	0	1999	0
-40	0	0	1999	0
-38	0	0	1999	0
-36	0	0	1999	0
-34	0	0	1999	0
-32	0	0	1999	0
-30	0	0	1999	0
-28	0	0	1999	0
-26	0	0	1999	0
-24	1	1000	1999	1000
-22	3	3000	1999	1732.05
-20	7	7000	1999	2645.75
-18	31	31000	1999	5567.76
-16	85	85000	1999	9219.54
-14	298	298000	1999	17262.7
-12	993	993000	1999	31511.9
-10	1459	2.918e+06	999	76393.7
-8	911	7.288e+06	249	241462
-6	776	1.2416e+07	124	445708
-4	834	1.3344e+07	124	462065
-2	831	1.3296e+07	124	461233
0	836	1.3376e+07	124	462619
2	782	1.2512e+07	124	447428
4	514	4.112e+06	249	181373
6	573	573000	1999	23937.4
8	113	113000	1999	10630.1
10	22	22000	1999	4690.42
12	3	3000	1999	1732.05
14	2	2000	1999	1414.21
16	0	0	1999	0
18	0	0	1999	0
20	0	0	1999	0
22	0	0	1999	0
24	0	0	1999	0
26	0	0	1999	0
28	0	0	1999	0
30	0	0	1999	0
32	0	0	1999	0
34	0	0	1999	0
36	0	0	1999	0
38	0	0	1999	0
40	0	0	1999	0
42	0	0	1999	0
44	0	0	1999	0
