# Number of sweeps:20
# Match window:1999
# Search window:2007
# Reject offset:2088
# Bunch offset:2096
# Coarse rollover:4095
# Threshold: [100, 150, 1]
# Channel:11
#thr	hits	freq	window	error
-54	0	0	1999	0
-52	0	0	1999	0
-50	0	0	1999	0
-48	0	0	1999	0
-46	0	0	1999	0
-44	0	0	1999	0
-42	0	0	1999	0
-40	0	0	1999	0
-38	0	0	1999	0
-36	0	0	1999	0
-34	0	0	1999	0
-32	0	0	1999	0
-30	0	0	1999	0
-28	0	0	1999	0
-26	0	0	1999	0
-24	0	0	1999	0
-22	0	0	1999	0
-20	0	0	1999	0
-18	0	0	1999	0
-16	0	0	1999	0
-14	1	1000	1999	1000
-12	6	6000	1999	2449.49
-10	56	56000	1999	7483.31
-8	348	348000	1999	18654.8
-6	1018	2.036e+06	999	63812.2
-4	1061	8.488e+06	249	260584
-2	776	1.2416e+07	124	445708
0	816	1.3056e+07	124	457051
2	732	1.1712e+07	124	432888
4	1139	9.112e+06	249	269993
6	976	7.808e+06	249	249928
8	860	6.88e+06	249	234606
10	1116	4.464e+06	499	133626
12	1218	2.436e+06	999	69799.7
14	1140	1.14e+06	1999	33763.9
16	514	514000	1999	22671.6
18	200	200000	1999	14142.1
20	69	69000	1999	8306.62
22	27	27000	1999	5196.15
24	5	5000	1999	2236.07
26	0	0	1999	0
28	0	0	1999	0
30	0	0	1999	0
32	0	0	1999	0
34	0	0	1999	0
36	0	0	1999	0
38	0	0	1999	0
40	0	0	1999	0
42	0	0	1999	0
44	0	0	1999	0
