# Number of sweeps:20
# Match window:1999
# Search window:2007
# Reject offset:2088
# Bunch offset:2096
# Coarse rollover:4095
# Threshold: [100, 150, 1]
# Channel:15
#thr	hits	freq	window	error
-54	0	0	1999	0
-52	0	0	1999	0
-50	0	0	1999	0
-48	0	0	1999	0
-46	0	0	1999	0
-44	0	0	1999	0
-42	0	0	1999	0
-40	0	0	1999	0
-38	0	0	1999	0
-36	0	0	1999	0
-34	0	0	1999	0
-32	0	0	1999	0
-30	0	0	1999	0
-28	0	0	1999	0
-26	0	0	1999	0
-24	0	0	1999	0
-22	0	0	1999	0
-20	0	0	1999	0
-18	0	0	1999	0
-16	0	0	1999	0
-14	0	0	1999	0
-12	14	14000	1999	3741.66
-10	74	74000	1999	8602.33
-8	497	497000	1999	22293.5
-6	1383	2.766e+06	999	74377.4
-4	1198	9.584e+06	249	276897
-2	807	1.2912e+07	124	454524
0	819	1.3104e+07	124	457891
2	776	1.2416e+07	124	445708
4	596	4.768e+06	249	195305
6	996	996000	1999	31559.5
8	218	218000	1999	14764.8
10	48	48000	1999	6928.2
12	4	4000	1999	2000
14	0	0	1999	0
16	1	1000	1999	1000
18	0	0	1999	0
20	0	0	1999	0
22	0	0	1999	0
24	0	0	1999	0
26	0	0	1999	0
28	0	0	1999	0
30	0	0	1999	0
32	0	0	1999	0
34	0	0	1999	0
36	0	0	1999	0
38	0	0	1999	0
40	0	0	1999	0
42	0	0	1999	0
44	0	0	1999	0
