# Number of sweeps:50
# Match window:1999
# Search window:2007
# Reject offset:2088
# Bunch offset:2096
# Coarse rollover:4095
# Threshold: [100, 150, 1]
# Channel:1
#thr	hits	freq	window	error
-54	5	2000	1999	894.427
-52	3	1200	1999	692.82
-50	8	3200	1999	1131.37
-48	24	9600	1999	1959.59
-46	40	16000	1999	2529.82
-44	89	35600	1999	3773.59
-42	128	51200	1999	4525.48
-40	199	79600	1999	5642.69
-38	334	133600	1999	7310.27
-36	563	225200	1999	9491.05
-34	883	353200	1999	11886.1
-32	1313	525200	1999	14494.1
-30	2074	829600	1999	18216.5
-28	3118	1.2472e+06	1999	22335.6
-26	4454	1.7816e+06	1999	26695.3
-24	0	0	999	0
-22	0	0	999	0
-20	0	0	999	0
-18	0	0	999	0
-16	0	0	999	0
-14	0	0	999	0
-12	0	0	999	0
-10	0	0	999	0
-8	0	0	999	0
-6	0	0	999	0
-4	0	0	999	0
-2	0	0	999	0
0	0	0	999	0
2	0	0	999	0
4	0	0	999	0
6	0	0	999	0
8	0	0	999	0
10	0	0	999	0
12	0	0	999	0
14	4192	1.6768e+06	1999	25898.3
16	2849	1.1396e+06	1999	21350.4
18	1944	777600	1999	17636.3
20	1310	524000	1999	14477.6
22	864	345600	1999	11757.6
24	533	213200	1999	9234.72
26	327	130800	1999	7233.26
28	220	88000	1999	5932.96
30	101	40400	1999	4019.95
32	84	33600	1999	3666.06
34	34	13600	1999	2332.38
36	17	6800	1999	1649.24
38	7	2800	1999	1058.3
40	5	2000	1999	894.427
42	1	400	1999	400
44	0	0	1999	0
