# Number of sweeps:50
# Match window:1999
# Search window:2007
# Reject offset:2088
# Bunch offset:2096
# Coarse rollover:4095
# Threshold: [100, 150, 1]
# Channel:8
#thr	hits	freq	window	error
-54	0	0	1999	0
-52	0	0	1999	0
-50	0	0	1999	0
-48	0	0	1999	0
-46	0	0	1999	0
-44	0	0	1999	0
-42	0	0	1999	0
-40	0	0	1999	0
-38	0	0	1999	0
-36	0	0	1999	0
-34	0	0	1999	0
-32	0	0	1999	0
-30	0	0	1999	0
-28	0	0	1999	0
-26	1	400	1999	400
-24	2	800	1999	565.685
-22	9	3600	1999	1200
-20	30	12000	1999	2190.89
-18	64	25600	1999	3200
-16	219	87600	1999	5919.46
-14	589	235600	1999	9707.73
-12	1502	600800	1999	15502.3
-10	0	0	999	0
-8	0	0	999	0
-6	0	0	999	0
-4	0	0	999	0
-2	0	0	999	0
0	0	0	999	0
2	0	0	999	0
4	0	0	999	0
6	0	0	999	0
8	0	0	999	0
10	1637	654800	1999	16183.9
12	551	220400	1999	9389.36
14	233	93200	1999	6105.74
16	74	29600	1999	3440.93
18	30	12000	1999	2190.89
20	17	6800	1999	1649.24
22	3	1200	1999	692.82
24	1	400	1999	400
26	0	0	1999	0
28	0	0	1999	0
30	0	0	1999	0
32	0	0	1999	0
34	0	0	1999	0
36	0	0	1999	0
38	0	0	1999	0
40	0	0	1999	0
42	0	0	1999	0
44	0	0	1999	0
