# Number of sweeps:50
# Match window:1999
# Search window:2007
# Reject offset:2088
# Bunch offset:2096
# Coarse rollover:4095
# Threshold: [100, 150, 1]
# Channel:16
#thr	hits	freq	window	error
-54	0	0	1999	0
-52	0	0	1999	0
-50	0	0	1999	0
-48	0	0	1999	0
-46	0	0	1999	0
-44	0	0	1999	0
-42	0	0	1999	0
-40	0	0	1999	0
-38	0	0	1999	0
-36	0	0	1999	0
-34	1	400	1999	400
-32	0	0	1999	0
-30	0	0	1999	0
-28	1	400	1999	400
-26	11	4400	1999	1326.65
-24	30	12000	1999	2190.89
-22	65	26000	1999	3224.9
-20	177	70800	1999	5321.65
-18	525	210000	1999	9165.15
-16	1610	644000	1999	16049.9
-14	0	0	999	0
-12	0	0	999	0
-10	0	0	999	0
-8	0	0	999	0
-6	0	0	999	0
-4	0	0	999	0
-2	0	0	999	0
0	0	0	999	0
2	0	0	999	0
4	0	0	999	0
6	769	307600	1999	11092.3
8	323	129200	1999	7188.88
10	111	44400	1999	4214.26
12	49	19600	1999	2800
14	14	5600	1999	1496.66
16	2	800	1999	565.685
18	2	800	1999	565.685
20	1	400	1999	400
22	0	0	1999	0
24	0	0	1999	0
26	0	0	1999	0
28	0	0	1999	0
30	0	0	1999	0
32	0	0	1999	0
34	0	0	1999	0
36	0	0	1999	0
38	0	0	1999	0
40	0	0	1999	0
42	0	0	1999	0
44	0	0	1999	0
