# Number of sweeps:50
# Match window:1999
# Search window:2007
# Reject offset:2088
# Bunch offset:2096
# Coarse rollover:4095
# Threshold: [100, 150, 1]
# Channel:10
#thr	hits	freq	window	error
-54	0	0	1999	0
-52	0	0	1999	0
-50	0	0	1999	0
-48	0	0	1999	0
-46	0	0	1999	0
-44	0	0	1999	0
-42	0	0	1999	0
-40	0	0	1999	0
-38	0	0	1999	0
-36	0	0	1999	0
-34	0	0	1999	0
-32	0	0	1999	0
-30	0	0	1999	0
-28	1	400	1999	400
-26	0	0	1999	0
-24	1	400	1999	400
-22	16	6400	1999	1600
-20	31	12400	1999	2227.11
-18	84	33600	1999	3666.06
-16	280	112000	1999	6693.28
-14	794	317600	1999	11271.2
-12	2387	954800	1999	19542.8
-10	0	0	999	0
-8	0	0	999	0
-6	0	0	999	0
-4	0	0	999	0
-2	0	0	999	0
0	0	0	999	0
2	0	0	999	0
4	0	0	999	0
6	0	0	999	0
8	0	0	999	0
10	998	399200	1999	12636.5
12	280	112000	1999	6693.28
14	87	34800	1999	3730.95
16	30	12000	1999	2190.89
18	9	3600	1999	1200
20	4	1600	1999	800
22	2	800	1999	565.685
24	0	0	1999	0
26	0	0	1999	0
28	0	0	1999	0
30	0	0	1999	0
32	0	0	1999	0
34	0	0	1999	0
36	0	0	1999	0
38	0	0	1999	0
40	0	0	1999	0
42	0	0	1999	0
44	0	0	1999	0
