# Number of sweeps:20
# Match window:1999
# Search window:2007
# Reject offset:2088
# Bunch offset:2096
# Coarse rollover:4095
# Threshold: [100, 150, 1]
# Channel:12
#thr	hits	freq	window	error
-54	0	0	1999	0
-52	0	0	1999	0
-50	0	0	1999	0
-48	0	0	1999	0
-46	0	0	1999	0
-44	0	0	1999	0
-42	0	0	1999	0
-40	0	0	1999	0
-38	0	0	1999	0
-36	0	0	1999	0
-34	0	0	1999	0
-32	0	0	1999	0
-30	0	0	1999	0
-28	0	0	1999	0
-26	0	0	1999	0
-24	0	0	1999	0
-22	2	2000	1999	1414.21
-20	4	4000	1999	2000
-18	24	24000	1999	4898.98
-16	98	98000	1999	9899.49
-14	296	296000	1999	17204.7
-12	807	807000	1999	28407.7
-10	1107	2.214e+06	999	66543.2
-8	1259	5.036e+06	499	141930
-6	1299	1.0392e+07	249	288333
-4	813	1.3008e+07	124	456210
-2	828	1.3248e+07	124	460400
0	824	1.3184e+07	124	459286
2	742	1.1872e+07	124	435835
4	964	3.856e+06	499	124193
6	518	518000	1999	22759.6
8	86	86000	1999	9273.62
10	32	32000	1999	5656.85
12	6	6000	1999	2449.49
14	0	0	1999	0
16	0	0	1999	0
18	0	0	1999	0
20	0	0	1999	0
22	0	0	1999	0
24	0	0	1999	0
26	0	0	1999	0
28	0	0	1999	0
30	0	0	1999	0
32	0	0	1999	0
34	0	0	1999	0
36	0	0	1999	0
38	0	0	1999	0
40	0	0	1999	0
42	0	0	1999	0
44	0	0	1999	0
