# Number of sweeps:50
# Match window:1999
# Search window:2007
# Reject offset:2088
# Bunch offset:2096
# Coarse rollover:4095
# Threshold: [100, 150, 1]
# Channel:2
#thr	hits	freq	window	error
-54	0	0	1999	0
-52	0	0	1999	0
-50	6	2400	1999	979.796
-48	8	3200	1999	1131.37
-46	12	4800	1999	1385.64
-44	38	15200	1999	2465.77
-42	53	21200	1999	2912.04
-40	100	40000	1999	4000
-38	155	62000	1999	4979.96
-36	316	126400	1999	7110.56
-34	457	182800	1999	8551.02
-32	823	329200	1999	11475.2
-30	1240	496000	1999	14085.5
-28	2000	800000	1999	17888.5
-26	3149	1.2596e+06	1999	22446.4
-24	0	0	999	0
-22	0	0	999	0
-20	0	0	999	0
-18	0	0	999	0
-16	0	0	999	0
-14	0	0	999	0
-12	0	0	999	0
-10	0	0	999	0
-8	0	0	999	0
-6	0	0	999	0
-4	0	0	999	0
-2	0	0	999	0
0	0	0	999	0
2	0	0	999	0
4	0	0	999	0
6	0	0	999	0
8	0	0	999	0
10	0	0	999	0
12	0	0	999	0
14	0	0	999	0
16	0	0	999	0
18	3368	1.3472e+06	1999	23213.8
20	2268	907200	1999	19049.4
22	1530	612000	1999	15646.1
24	954	381600	1999	12354.8
26	594	237600	1999	9748.85
28	353	141200	1999	7515.32
30	204	81600	1999	5713.14
32	153	61200	1999	4947.73
34	74	29600	1999	3440.93
36	38	15200	1999	2465.77
38	17	6800	1999	1649.24
40	8	3200	1999	1131.37
42	5	2000	1999	894.427
44	1	400	1999	400
