# Number of sweeps:20
# Match window:1999
# Search window:2007
# Reject offset:2088
# Bunch offset:2096
# Coarse rollover:4095
# Threshold: [100, 150, 1]
# Channel:22
#thr	hits	freq	window	error
-54	0	0	1999	0
-52	0	0	1999	0
-50	0	0	1999	0
-48	0	0	1999	0
-46	0	0	1999	0
-44	0	0	1999	0
-42	0	0	1999	0
-40	0	0	1999	0
-38	0	0	1999	0
-36	0	0	1999	0
-34	0	0	1999	0
-32	1	1000	1999	1000
-30	1	1000	1999	1000
-28	4	4000	1999	2000
-26	12	12000	1999	3464.1
-24	37	37000	1999	6082.76
-22	134	134000	1999	11575.8
-20	364	364000	1999	19078.8
-18	928	928000	1999	30463.1
-16	1089	2.178e+06	999	66000
-14	1079	4.316e+06	499	131393
-12	867	6.936e+06	249	235559
-10	1077	8.616e+06	249	262541
-8	1170	9.36e+06	249	273642
-6	677	1.0832e+07	124	416308
-4	799	1.2784e+07	124	452265
-2	825	1.32e+07	124	459565
0	801	1.2816e+07	124	452831
2	697	1.1152e+07	124	422412
4	644	2.576e+06	499	101509
6	83	83000	1999	9110.43
8	12	12000	1999	3464.1
10	2	2000	1999	1414.21
12	0	0	1999	0
14	0	0	1999	0
16	0	0	1999	0
18	0	0	1999	0
20	0	0	1999	0
22	0	0	1999	0
24	0	0	1999	0
26	0	0	1999	0
28	0	0	1999	0
30	0	0	1999	0
32	0	0	1999	0
34	0	0	1999	0
36	0	0	1999	0
38	0	0	1999	0
40	0	0	1999	0
42	0	0	1999	0
44	0	0	1999	0
