# Number of sweeps:20
# Match window:31
# Search window:39
# Reject offset:3424
# Bunch offset:3464
# Coarse rollover:3563
# Threshold: [100, 150, 1]
# Channel:0
#thr	hits	freq	window	error
-54	0	0	1999	0
-52	0	0	1999	0
-50	0	0	1999	0
-48	0	0	1999	0
-46	0	0	1999	0
-44	0	0	1999	0
-42	0	0	1999	0
-40	0	0	1999	0
-38	0	0	1999	0
-36	0	0	1999	0
-34	0	0	1999	0
-32	0	0	1999	0
-30	0	0	1999	0
-28	0	0	1999	0
-26	0	0	1999	0
-24	1	1000	1999	1000
-22	1	1000	1999	1000
-20	6	6000	1999	2449.49
-18	18	18000	1999	4242.64
-16	76	76000	1999	8717.8
-14	179	179000	1999	13379.1
-12	436	436000	1999	20880.6
-10	1104	1.104e+06	1999	33226.5
-8	1098	2.196e+06	999	66272.2
-6	1155	4.62e+06	499	135941
-4	1193	9.544e+06	249	276319
-2	815	1.304e+07	124	456771
0	831	1.3296e+07	124	461233
2	834	1.3344e+07	124	462065
4	832	1.3312e+07	124	461511
6	821	1.3136e+07	124	458450
8	774	1.2384e+07	124	445134
10	1452	5.808e+06	499	152420
12	1126	2.252e+06	999	67111.8
14	1202	1.202e+06	1999	34669.9
16	504	504000	1999	22449.9
18	205	205000	1999	14317.8
20	98	98000	1999	9899.49
22	46	46000	1999	6782.33
24	16	16000	1999	4000
26	5	5000	1999	2236.07
28	3	3000	1999	1732.05
30	1	1000	1999	1000
32	0	0	1999	0
34	0	0	1999	0
36	0	0	1999	0
38	0	0	1999	0
40	0	0	1999	0
42	0	0	1999	0
44	0	0	1999	0
