# Number of sweeps:20
# Match window:1999
# Search window:2007
# Reject offset:2088
# Bunch offset:2096
# Coarse rollover:4095
# Threshold: [100, 150, 1]
# Channel:4
#thr	hits	freq	window	error
-54	0	0	1999	0
-52	0	0	1999	0
-50	0	0	1999	0
-48	0	0	1999	0
-46	0	0	1999	0
-44	0	0	1999	0
-42	0	0	1999	0
-40	0	0	1999	0
-38	0	0	1999	0
-36	0	0	1999	0
-34	0	0	1999	0
-32	0	0	1999	0
-30	0	0	1999	0
-28	0	0	1999	0
-26	1	1000	1999	1000
-24	0	0	1999	0
-22	7	7000	1999	2645.75
-20	19	19000	1999	4358.9
-18	67	67000	1999	8185.35
-16	209	209000	1999	14456.8
-14	608	608000	1999	24657.7
-12	1440	1.44e+06	1999	37947.3
-10	1531	3.062e+06	999	78256
-8	774	6.192e+06	249	222567
-6	1339	1.0712e+07	249	292739
-4	823	1.3168e+07	124	459008
-2	835	1.336e+07	124	462342
0	836	1.3376e+07	124	462619
2	833	1.3328e+07	124	461788
4	827	1.3232e+07	124	460122
6	833	1.3328e+07	124	461788
8	696	1.1136e+07	124	422109
10	764	3.056e+06	499	110562
12	468	468000	1999	21633.3
14	108	108000	1999	10392.3
16	20	20000	1999	4472.14
18	4	4000	1999	2000
20	1	1000	1999	1000
22	1	1000	1999	1000
24	0	0	1999	0
26	0	0	1999	0
28	0	0	1999	0
30	0	0	1999	0
32	0	0	1999	0
34	0	0	1999	0
36	0	0	1999	0
38	0	0	1999	0
40	0	0	1999	0
42	0	0	1999	0
44	0	0	1999	0
