#thr	hits	freq	window	error
# Number of swees:1000
# Fast sweep mode
# Match window:1999
# Search window:2007
# Reject offset:2088
# Bunch offset:2096
# Coarse rollover:4095
# Threshold: [90, 160, 1]
# Channel:1
-74	0	0	1999	0
-72	0	0	1999	0
-70	0	0	1999	0
-68	0	0	1999	0
-66	0	0	1999	0
-64	0	0	1999	0
-62	0	0	1999	0
-60	0	0	1999	0
-58	0	0	1999	0
-56	12	240	1999	69.282
-54	0	0	1999	0
-52	0	0	1999	0
-50	0	0	1999	0
-48	12	240	1999	69.282
-46	57	1140	1999	150.997
-44	70	1400	1999	167.332
-42	334	6680	1999	365.513
-40	334	6680	1999	365.513
-38	732	14640	1999	541.11
-36	1546	30920	1999	786.384
-34	2441	48820	1999	988.13
-32	4418	88360	1999	1329.36
-30	10053	201060	1999	2005.29
-28	16810	336200	1999	2593.07
-26	28937	578740	1999	3402.18
-24	48655	973100	1999	4411.58
-22	5297	1.0594e+06	199	14556.1
-20	9051	1.8102e+06	199	19027.3
-18	19630	3.926e+06	199	28021.4
-16	31736	6.3472e+06	199	35629.2
-14	47426	9.4852e+06	199	43555
-12	60205	1.2041e+07	199	49073.4
-10	66046	1.32092e+07	199	51398.8
-8	66769	1.33538e+07	199	51679.4
-6	66935	1.3387e+07	199	51743.6
-4	66961	1.33922e+07	199	51753.6
-2	66982	1.33964e+07	199	51761.8
0	66982	1.33964e+07	199	51761.8
2	66991	1.33982e+07	199	51765.2
4	66986	1.33972e+07	199	51763.3
6	66980	1.3396e+07	199	51761
8	66999	1.33998e+07	199	51768.3
10	66983	1.33966e+07	199	51762.1
12	66964	1.33928e+07	199	51754.8
14	66511	1.33022e+07	199	51579.5
16	57743	1.15486e+07	199	48059.5
18	39838	7.9676e+06	199	39918.9
20	25775	5.155e+06	199	32109.2
22	13684	2.7368e+06	199	23395.7
24	8817	1.7634e+06	199	18779.8
26	69500	1.39e+06	1999	5272.57
28	44784	895680	1999	4232.45
30	29372	587440	1999	3427.65
32	15967	319340	1999	2527.21
34	8583	171660	1999	1852.89
36	4700	94000	1999	1371.13
38	2428	48560	1999	985.495
40	1700	34000	1999	824.621
42	612	12240	1999	494.773
44	595	11900	1999	487.852
46	146	2920	1999	241.661
48	69	1380	1999	166.132
50	72	1440	1999	169.706
52	56	1120	1999	149.666
54	11	220	1999	66.3325
56	0	0	1999	0
58	0	0	1999	0
60	0	0	1999	0
62	0	0	1999	0
64	0	0	1999	0
