#thr	hits	freq	window	error
# Number of swees:1000
# Fast sweep mode
# Match window:1999
# Search window:2007
# Reject offset:2088
# Bunch offset:2096
# Coarse rollover:4095
# Threshold: [90, 160, 1]
# Channel:2
-74	0	0	1999	0
-72	0	0	1999	0
-70	0	0	1999	0
-68	0	0	1999	0
-66	0	0	1999	0
-64	0	0	1999	0
-62	0	0	1999	0
-60	0	0	1999	0
-58	0	0	1999	0
-56	0	0	1999	0
-54	0	0	1999	0
-52	0	0	1999	0
-50	0	0	1999	0
-48	0	0	1999	0
-46	0	0	1999	0
-44	0	0	1999	0
-42	0	0	1999	0
-40	12	240	1999	69.282
-38	23	460	1999	95.9166
-36	45	900	1999	134.164
-34	113	2260	1999	212.603
-32	179	3580	1999	267.582
-30	682	13640	1999	522.303
-28	1718	34360	1999	828.975
-26	4104	82080	1999	1281.25
-24	10672	213440	1999	2066.11
-22	34713	694260	1999	3726.29
-20	76298	1.52596e+06	1999	5524.42
-18	10772	2.1544e+06	199	20757.6
-16	24253	4.8506e+06	199	31146.7
-14	42623	8.5246e+06	199	41290.7
-12	58815	1.1763e+07	199	48503.6
-10	66258	1.32516e+07	199	51481.3
-8	66832	1.33664e+07	199	51703.8
-6	66982	1.33964e+07	199	51761.8
-4	66988	1.33976e+07	199	51764.1
-2	66997	1.33994e+07	199	51767.6
0	66995	1.3399e+07	199	51766.8
2	66999	1.33998e+07	199	51768.3
4	66994	1.33988e+07	199	51766.4
6	66993	1.33986e+07	199	51766
8	66983	1.33966e+07	199	51762.1
10	66986	1.33972e+07	199	51763.3
12	66869	1.33738e+07	199	51718.1
14	61266	1.22532e+07	199	49503.9
16	29131	5.8262e+06	199	34135.6
18	13208	2.6416e+06	199	22985.2
20	76028	1.52056e+06	1999	5514.64
22	35565	711300	1999	3771.74
24	14461	289220	1999	2405.08
26	4537	90740	1999	1347.15
28	1786	35720	1999	845.222
30	458	9160	1999	428.019
32	149	2980	1999	244.131
34	47	940	1999	137.113
36	12	240	1999	69.282
38	0	0	1999	0
40	0	0	1999	0
42	0	0	1999	0
44	0	0	1999	0
46	0	0	1999	0
48	0	0	1999	0
50	0	0	1999	0
52	0	0	1999	0
54	20	400	1999	89.4427
56	0	0	1999	0
58	0	0	1999	0
60	0	0	1999	0
62	0	0	1999	0
64	0	0	1999	0
