#thr	hits	freq	window	error
# Number of swees:1000
# Fast sweep mode
# Match window:1999
# Search window:2007
# Reject offset:2088
# Bunch offset:2096
# Coarse rollover:4095
# Threshold: [90, 160, 1]
# Channel:3
-74	0	0	1999	0
-72	0	0	1999	0
-70	0	0	1999	0
-68	0	0	1999	0
-66	0	0	1999	0
-64	0	0	1999	0
-62	0	0	1999	0
-60	0	0	1999	0
-58	0	0	1999	0
-56	0	0	1999	0
-54	0	0	1999	0
-52	0	0	1999	0
-50	12	240	1999	69.282
-48	24	480	1999	97.9796
-46	58	1160	1999	152.315
-44	94	1880	1999	193.907
-42	92	1840	1999	191.833
-40	303	6060	1999	348.138
-38	545	10900	1999	466.905
-36	1100	22000	1999	663.325
-34	1857	37140	1999	861.858
-32	3394	67880	1999	1165.16
-30	6337	126740	1999	1592.11
-28	14837	296740	1999	2436.14
-26	27757	555140	1999	3332.09
-24	48528	970560	1999	4405.81
-22	5482	1.0964e+06	199	14808.1
-20	11135	2.227e+06	199	21104.5
-18	21034	4.2068e+06	199	29006.2
-16	35019	7.0038e+06	199	37426.7
-14	53046	1.06092e+07	199	46063.4
-12	63926	1.27852e+07	199	50567.2
-10	66536	1.33072e+07	199	51589.1
-8	66883	1.33766e+07	199	51723.5
-6	66973	1.33946e+07	199	51758.3
-4	66992	1.33984e+07	199	51765.6
-2	66978	1.33956e+07	199	51760.2
0	66993	1.33986e+07	199	51766
2	66999	1.33998e+07	199	51768.3
4	66996	1.33992e+07	199	51767.2
6	66984	1.33968e+07	199	51762.5
8	66992	1.33984e+07	199	51765.6
10	66981	1.33962e+07	199	51761.4
12	66907	1.33814e+07	199	51732.8
14	64949	1.29898e+07	199	50970.2
16	44263	8.8526e+06	199	42077.5
18	24415	4.883e+06	199	31250.6
20	14642	2.9284e+06	199	24200.8
22	7720	1.544e+06	199	17572.7
24	65126	1.30252e+06	1999	5103.96
26	39034	780680	1999	3951.4
28	18868	377360	1999	2747.22
30	11883	237660	1999	2180.18
32	5281	105620	1999	1453.41
34	2801	56020	1999	1058.49
36	1556	31120	1999	788.923
38	541	10820	1999	465.188
40	343	6860	1999	370.405
42	68	1360	1999	164.924
44	59	1180	1999	153.623
46	58	1160	1999	152.315
48	59	1180	1999	153.623
50	0	0	1999	0
52	0	0	1999	0
54	12	240	1999	69.282
56	0	0	1999	0
58	0	0	1999	0
60	0	0	1999	0
62	0	0	1999	0
64	0	0	1999	0
