#thr	hits	freq	window	error
# Number of swees:1000
# Fast sweep mode
# Match window:1999
# Search window:2007
# Reject offset:2088
# Bunch offset:2096
# Coarse rollover:4095
# Threshold: [90, 160, 1]
# Channel:0
-74	0	0	1999	0
-72	0	0	1999	0
-70	0	0	1999	0
-68	0	0	1999	0
-66	0	0	1999	0
-64	0	0	1999	0
-62	0	0	1999	0
-60	0	0	1999	0
-58	0	0	1999	0
-56	0	0	1999	0
-54	0	0	1999	0
-52	0	0	1999	0
-50	0	0	1999	0
-48	0	0	1999	0
-46	0	0	1999	0
-44	0	0	1999	0
-42	0	0	1999	0
-40	0	0	1999	0
-38	12	240	1999	69.282
-36	70	1400	1999	167.332
-34	127	2540	1999	225.389
-32	308	6160	1999	350.999
-30	739	14780	1999	543.691
-28	1553	31060	1999	788.162
-26	3505	70100	1999	1184.06
-24	6737	134740	1999	1641.58
-22	19890	397800	1999	2820.64
-20	45273	905460	1999	4255.49
-18	6439	1.2878e+06	199	16048.7
-16	13598	2.7196e+06	199	23322.1
-14	26702	5.3404e+06	199	32681.5
-12	41857	8.3714e+06	199	40918
-10	57449	1.14898e+07	199	47937
-8	66329	1.32658e+07	199	51508.8
-6	66875	1.3375e+07	199	51720.4
-4	66964	1.33928e+07	199	51754.8
-2	66996	1.33992e+07	199	51767.2
0	66985	1.3397e+07	199	51762.9
2	66997	1.33994e+07	199	51767.6
4	66994	1.33988e+07	199	51766.4
6	66994	1.33988e+07	199	51766.4
8	66985	1.3397e+07	199	51762.9
10	66966	1.33932e+07	199	51755.6
12	66771	1.33542e+07	199	51680.2
14	61777	1.23554e+07	199	49710
16	33096	6.6192e+06	199	36384.6
18	15494	3.0988e+06	199	24895
20	7758	1.5516e+06	199	17615.9
22	53997	1.07994e+06	1999	4647.45
24	25452	509040	1999	3190.74
26	9879	197580	1999	1987.86
28	4722	94440	1999	1374.34
30	1929	38580	1999	878.408
32	689	13780	1999	524.976
34	394	7880	1999	396.989
36	281	5620	1999	335.261
38	35	700	1999	118.322
40	0	0	1999	0
42	0	0	1999	0
44	0	0	1999	0
46	0	0	1999	0
48	0	0	1999	0
50	0	0	1999	0
52	0	0	1999	0
54	0	0	1999	0
56	0	0	1999	0
58	0	0	1999	0
60	0	0	1999	0
62	0	0	1999	0
64	0	0	1999	0
