# Number of sweeps:10000
# Fast sweep mode
# Match window:1999
# Search window:2007
# Reject offset:2088
# Bunch offset:2096
# Coarse rollover:4095
# Threshold: [100, 150, 1]
# Channel:13
#thr	hits	freq	window	error
-54	24	48	1999	9.79796
-52	96	192	1999	19.5959
-50	322	644	1999	35.8887
-48	473	946	1999	43.4971
-46	1010	2020	1999	63.561
-44	2415	4830	1999	98.2853
-42	5493	10986	1999	148.23
-40	11763	23526	1999	216.915
-38	20574	41148	1999	286.873
-36	37791	75582	1999	388.798
-34	52349	104698	1999	457.598
-32	111344	222688	1999	667.365
-30	177646	355292	1999	842.961
-28	268413	536826	1999	1036.17
-26	367208	734416	1999	1211.95
-24	600225	1.20045e+06	1999	1549.48
-22	89152	1.78304e+06	199	5971.67
-20	128035	2.5607e+06	199	7156.4
-18	220866	4.41732e+06	199	9399.28
-16	362793	7.25586e+06	199	12046.5
-14	573745	1.14749e+07	199	15149.2
-12	665798	1.3316e+07	199	16319.3
-10	661671	1.32334e+07	199	16268.6
-8	661160	1.32232e+07	199	16262.3
-6	661066	1.32213e+07	199	16261.2
-4	661024	1.32205e+07	199	16260.7
-2	660879	1.32176e+07	199	16258.9
0	660917	1.32183e+07	199	16259.4
2	660859	1.32172e+07	199	16258.6
4	661033	1.32207e+07	199	16260.8
6	661089	1.32218e+07	199	16261.5
8	661595	1.32319e+07	199	16267.7
10	658187	1.31637e+07	199	16225.7
12	265747	5.31494e+06	199	10310.1
14	42497	849940	199	4122.96
16	244319	488638	1999	988.573
18	117973	235946	1999	686.944
20	82473	164946	1999	574.362
22	48294	96588	1999	439.518
24	24686	49372	1999	314.236
26	12025	24050	1999	219.317
28	6393	12786	1999	159.912
30	3147	6294	1999	112.196
32	1344	2688	1999	73.3212
34	640	1280	1999	50.5964
36	180	360	1999	26.8328
38	165	330	1999	25.6905
40	24	48	1999	9.79796
42	0	0	1999	0
44	0	0	1999	0
