# Number of sweeps:10000
# Fast sweep mode
# Match window:1999
# Search window:2007
# Reject offset:2088
# Bunch offset:2096
# Coarse rollover:4095
# Threshold: [100, 150, 1]
# Channel:23
#thr	hits	freq	window	error
-54	0	0	1999	0
-52	0	0	1999	0
-50	0	0	1999	0
-48	0	0	1999	0
-46	0	0	1999	0
-44	0	0	1999	0
-42	0	0	1999	0
-40	0	0	1999	0
-38	0	0	1999	0
-36	0	0	1999	0
-34	0	0	1999	0
-32	106	212	1999	20.5913
-30	623	1246	1999	49.9199
-28	3912	7824	1999	125.092
-26	16928	33856	1999	260.215
-24	69788	139576	1999	528.348
-22	262590	525180	1999	1024.87
-20	89378	1.78756e+06	199	5979.23
-18	304591	6.09182e+06	199	11038
-16	641131	1.28226e+07	199	16014.1
-14	661427	1.32285e+07	199	16265.6
-12	660916	1.32183e+07	199	16259.3
-10	660896	1.32179e+07	199	16259.1
-8	660908	1.32182e+07	199	16259.2
-6	660707	1.32141e+07	199	16256.8
-4	660692	1.32138e+07	199	16256.6
-2	660761	1.32152e+07	199	16257.4
0	660787	1.32157e+07	199	16257.8
2	660695	1.32139e+07	199	16256.6
4	660752	1.3215e+07	199	16257.3
6	659835	1.31967e+07	199	16246
8	23319	466380	199	3054.11
10	4721	9442	1999	137.419
12	533	1066	1999	46.1736
14	60	120	1999	15.4919
16	12	24	1999	6.9282
18	0	0	1999	0
20	0	0	1999	0
22	0	0	1999	0
24	0	0	1999	0
26	0	0	1999	0
28	0	0	1999	0
30	0	0	1999	0
32	0	0	1999	0
34	0	0	1999	0
36	0	0	1999	0
38	0	0	1999	0
40	0	0	1999	0
42	0	0	1999	0
44	0	0	1999	0
