# Number of sweeps:10000
# Fast sweep mode
# Match window:1999
# Search window:2007
# Reject offset:2088
# Bunch offset:2096
# Coarse rollover:4095
# Threshold: [100, 150, 1]
# Channel:9
#thr	hits	freq	window	error
-54	0	0	1999	0
-52	0	0	1999	0
-50	0	0	1999	0
-48	0	0	1999	0
-46	0	0	1999	0
-44	0	0	1999	0
-42	0	0	1999	0
-40	0	0	1999	0
-38	48	96	1999	13.8564
-36	84	168	1999	18.3303
-34	563	1126	1999	47.4552
-32	1787	3574	1999	84.5458
-30	4782	9564	1999	138.304
-28	15467	30934	1999	248.733
-26	42861	85722	1999	414.058
-24	105970	211940	1999	651.061
-22	245349	490698	1999	990.654
-20	513674	1.02735e+06	1999	1433.42
-18	100712	2.01424e+06	199	6347.03
-16	197072	3.94144e+06	199	8878.56
-14	401846	8.03692e+06	199	12678.3
-12	655840	1.31168e+07	199	16196.8
-10	661957	1.32391e+07	199	16272.1
-8	661527	1.32305e+07	199	16266.9
-6	661321	1.32264e+07	199	16264.3
-4	661242	1.32248e+07	199	16263.4
-2	661233	1.32247e+07	199	16263.2
0	661241	1.32248e+07	199	16263.3
2	661159	1.32232e+07	199	16262.3
4	661217	1.32243e+07	199	16263.1
6	661305	1.32261e+07	199	16264.1
8	661432	1.32286e+07	199	16265.7
10	662508	1.32502e+07	199	16278.9
12	205944	4.11888e+06	199	9076.21
14	76816	153632	1999	554.314
16	20748	41496	1999	288.083
18	6486	12972	1999	161.071
20	2677	5354	1999	103.479
22	899	1798	1999	59.9667
24	204	408	1999	28.5657
26	72	144	1999	16.9706
28	0	0	1999	0
30	12	24	1999	6.9282
32	0	0	1999	0
34	0	0	1999	0
36	0	0	1999	0
38	0	0	1999	0
40	0	0	1999	0
42	0	0	1999	0
44	0	0	1999	0
