# Number of sweeps:10000
# Fast sweep mode
# Match window:1999
# Search window:2007
# Reject offset:2088
# Bunch offset:2096
# Coarse rollover:4095
# Threshold: [100, 150, 1]
# Channel:6
#thr	hits	freq	window	error
-54	0	0	1999	0
-52	0	0	1999	0
-50	0	0	1999	0
-48	0	0	1999	0
-46	0	0	1999	0
-44	0	0	1999	0
-42	12	24	1999	6.9282
-40	0	0	1999	0
-38	36	72	1999	12
-36	216	432	1999	29.3939
-34	783	1566	1999	55.9643
-32	3841	7682	1999	123.952
-30	16764	33528	1999	258.952
-28	72275	144550	1999	537.68
-26	234318	468636	1999	968.128
-24	686079	1.37216e+06	1999	1656.6
-22	179380	3.5876e+06	199	8470.66
-20	414203	8.28406e+06	199	12871.7
-18	632233	1.26447e+07	199	15902.6
-16	666108	1.33222e+07	199	16323.1
-14	662715	1.32543e+07	199	16281.5
-12	661901	1.3238e+07	199	16271.5
-10	661766	1.32353e+07	199	16269.8
-8	661669	1.32334e+07	199	16268.6
-6	661606	1.32321e+07	199	16267.8
-4	661697	1.32339e+07	199	16269
-2	661857	1.32371e+07	199	16270.9
0	661736	1.32347e+07	199	16269.4
2	662087	1.32417e+07	199	16273.7
4	662443	1.32489e+07	199	16278.1
6	662070	1.32414e+07	199	16273.5
8	443758	8.87516e+06	199	13323
10	69877	1.39754e+06	199	5286.85
12	115376	230752	1999	679.341
14	20212	40424	1999	284.338
16	3196	6392	1999	113.066
18	464	928	1999	43.0813
20	105	210	1999	20.4939
22	12	24	1999	6.9282
24	0	0	1999	0
26	0	0	1999	0
28	0	0	1999	0
30	0	0	1999	0
32	0	0	1999	0
34	0	0	1999	0
36	0	0	1999	0
38	0	0	1999	0
40	0	0	1999	0
42	0	0	1999	0
44	0	0	1999	0
