# Number of sweeps:10000
# Fast sweep mode
# Match window:1999
# Search window:2007
# Reject offset:2088
# Bunch offset:2096
# Coarse rollover:4095
# Threshold: [100, 150, 1]
# Channel:20
#thr	hits	freq	window	error
-54	0	0	1999	0
-52	0	0	1999	0
-50	0	0	1999	0
-48	0	0	1999	0
-46	0	0	1999	0
-44	0	0	1999	0
-42	0	0	1999	0
-40	0	0	1999	0
-38	0	0	1999	0
-36	12	24	1999	6.9282
-34	108	216	1999	20.7846
-32	283	566	1999	33.6452
-30	1287	2574	1999	71.7496
-28	4489	8978	1999	134
-26	17193	34386	1999	262.244
-24	61804	123608	1999	497.208
-22	213643	427286	1999	924.431
-20	698396	1.39679e+06	1999	1671.4
-18	233839	4.67678e+06	199	9671.38
-16	596077	1.19215e+07	199	15441.2
-14	665806	1.33161e+07	199	16319.4
-12	661388	1.32278e+07	199	16265.2
-10	660767	1.32153e+07	199	16257.5
-8	660859	1.32172e+07	199	16258.6
-6	660910	1.32182e+07	199	16259.3
-4	660818	1.32164e+07	199	16258.1
-2	660776	1.32155e+07	199	16257.6
0	660797	1.32159e+07	199	16257.9
2	660846	1.32169e+07	199	16258.5
4	661645	1.32329e+07	199	16268.3
6	652664	1.30533e+07	199	16157.5
8	217013	4.34026e+06	199	9316.93
10	390410	780820	1999	1249.66
12	117310	234620	1999	685.011
14	30643	61286	1999	350.103
16	9564	19128	1999	195.591
18	2317	4634	1999	96.2705
20	663	1326	1999	51.4976
22	200	400	1999	28.2843
24	96	192	1999	19.5959
26	24	48	1999	9.79796
28	0	0	1999	0
30	0	0	1999	0
32	0	0	1999	0
34	0	0	1999	0
36	0	0	1999	0
38	12	24	1999	6.9282
40	0	0	1999	0
42	12	24	1999	6.9282
44	0	0	1999	0
