# Number of sweeps:10000
# Fast sweep mode
# Match window:1999
# Search window:2007
# Reject offset:2088
# Bunch offset:2096
# Coarse rollover:4095
# Threshold: [100, 150, 1]
# Channel:5
#thr	hits	freq	window	error
-54	0	0	1999	0
-52	0	0	1999	0
-50	0	0	1999	0
-48	0	0	1999	0
-46	0	0	1999	0
-44	12	24	1999	6.9282
-42	24	48	1999	9.79796
-40	144	288	1999	24
-38	574	1148	1999	47.9166
-36	2100	4200	1999	91.6515
-34	7473	14946	1999	172.893
-32	25927	51854	1999	322.037
-30	92260	184520	1999	607.487
-28	266290	532580	1999	1032.07
-26	691312	1.38262e+06	1999	1662.9
-24	155439	3.10878e+06	199	7885.15
-22	326037	6.52074e+06	199	11419.9
-20	570818	1.14164e+07	199	15110.5
-18	663441	1.32688e+07	199	16290.4
-16	665081	1.33016e+07	199	16310.5
-14	662841	1.32568e+07	199	16283
-12	661972	1.32394e+07	199	16272.3
-10	661849	1.3237e+07	199	16270.8
-8	661656	1.32331e+07	199	16268.4
-6	661447	1.32289e+07	199	16265.9
-4	661482	1.32296e+07	199	16266.3
-2	661447	1.32289e+07	199	16265.9
0	661646	1.32329e+07	199	16268.3
2	661753	1.32351e+07	199	16269.6
4	662943	1.32589e+07	199	16284.3
6	660386	1.32077e+07	199	16252.8
8	411135	8.2227e+06	199	12824
10	414003	828006	1999	1286.86
12	47095	94190	1999	434.028
14	7134	14268	1999	168.926
16	884	1768	1999	59.4643
18	132	264	1999	22.9783
20	12	24	1999	6.9282
22	0	0	1999	0
24	0	0	1999	0
26	0	0	1999	0
28	0	0	1999	0
30	0	0	1999	0
32	0	0	1999	0
34	0	0	1999	0
36	0	0	1999	0
38	0	0	1999	0
40	0	0	1999	0
42	0	0	1999	0
44	0	0	1999	0
