# Number of sweeps:10000
# Fast sweep mode
# Match window:1999
# Search window:2007
# Reject offset:2088
# Bunch offset:2096
# Coarse rollover:4095
# Threshold: [100, 150, 1]
# Channel:14
#thr	hits	freq	window	error
-54	0	0	1999	0
-52	0	0	1999	0
-50	0	0	1999	0
-48	0	0	1999	0
-46	0	0	1999	0
-44	12	24	1999	6.9282
-42	0	0	1999	0
-40	24	48	1999	9.79796
-38	68	136	1999	16.4924
-36	208	416	1999	28.8444
-34	970	1940	1999	62.2896
-32	2998	5996	1999	109.508
-30	9289	18578	1999	192.759
-28	28762	57524	1999	339.187
-26	77897	155794	1999	558.201
-24	205353	410706	1999	906.318
-22	482985	965970	1999	1389.94
-20	104532	2.09064e+06	199	6466.28
-18	216425	4.3285e+06	199	9304.3
-16	420701	8.41402e+06	199	12972.3
-14	634436	1.26887e+07	199	15930.3
-12	665424	1.33085e+07	199	16314.7
-10	661398	1.3228e+07	199	16265.3
-8	661176	1.32235e+07	199	16262.5
-6	660951	1.3219e+07	199	16259.8
-4	661023	1.32205e+07	199	16260.7
-2	660818	1.32164e+07	199	16258.1
0	660831	1.32166e+07	199	16258.3
2	660842	1.32168e+07	199	16258.4
4	660874	1.32175e+07	199	16258.8
6	660934	1.32187e+07	199	16259.6
8	661977	1.32395e+07	199	16272.4
10	657400	1.3148e+07	199	16216
12	196935	3.9387e+06	199	8875.47
14	93959	187918	1999	613.055
16	19331	38662	1999	278.072
18	4715	9430	1999	137.332
20	846	1692	1999	58.1722
22	168	336	1999	25.923
24	36	72	1999	12
26	0	0	1999	0
28	0	0	1999	0
30	0	0	1999	0
32	0	0	1999	0
34	0	0	1999	0
36	0	0	1999	0
38	0	0	1999	0
40	0	0	1999	0
42	0	0	1999	0
44	0	0	1999	0
