# Number of sweeps:10000
# Fast sweep mode
# Match window:1999
# Search window:2007
# Reject offset:2088
# Bunch offset:2096
# Coarse rollover:4095
# Threshold: [100, 150, 1]
# Channel:15
#thr	hits	freq	window	error
-54	0	0	1999	0
-52	0	0	1999	0
-50	0	0	1999	0
-48	0	0	1999	0
-46	0	0	1999	0
-44	0	0	1999	0
-42	0	0	1999	0
-40	0	0	1999	0
-38	0	0	1999	0
-36	0	0	1999	0
-34	48	96	1999	13.8564
-32	60	120	1999	15.4919
-30	368	736	1999	38.3667
-28	993	1986	1999	63.0238
-26	2559	5118	1999	101.173
-24	7166	14332	1999	169.304
-22	21303	42606	1999	291.911
-20	63949	127898	1999	505.763
-18	164479	328958	1999	811.12
-16	542013	1.08403e+06	1999	1472.43
-14	183351	3.66702e+06	199	8563.9
-12	590446	1.18089e+07	199	15368.1
-10	664793	1.32959e+07	199	16307
-8	661326	1.32265e+07	199	16264.4
-6	661096	1.32219e+07	199	16261.6
-4	661117	1.32223e+07	199	16261.8
-2	661200	1.3224e+07	199	16262.8
0	661106	1.32221e+07	199	16261.7
2	661135	1.32227e+07	199	16262
4	661109	1.32222e+07	199	16261.7
6	661130	1.32226e+07	199	16262
8	661467	1.32293e+07	199	16266.1
10	659304	1.31861e+07	199	16239.5
12	293922	5.87844e+06	199	10842.9
14	45943	918860	199	4286.86
16	223657	447314	1999	945.848
18	94084	188168	1999	613.462
20	38753	77506	1999	393.716
22	15090	30180	1999	245.683
24	5707	11414	1999	151.089
26	2401	4802	1999	98
28	743	1486	1999	54.5161
30	329	658	1999	36.2767
32	84	168	1999	18.3303
34	0	0	1999	0
36	0	0	1999	0
38	0	0	1999	0
40	0	0	1999	0
42	0	0	1999	0
44	0	0	1999	0
