# Number of sweeps:10000
# Fast sweep mode
# Match window:1999
# Search window:2007
# Reject offset:2088
# Bunch offset:2096
# Coarse rollover:4095
# Threshold: [100, 150, 1]
# Channel:17
#thr	hits	freq	window	error
-54	0	0	1999	0
-52	0	0	1999	0
-50	0	0	1999	0
-48	0	0	1999	0
-46	0	0	1999	0
-44	0	0	1999	0
-42	24	48	1999	9.79796
-40	24	48	1999	9.79796
-38	132	264	1999	22.9783
-36	424	848	1999	41.1825
-34	1843	3686	1999	85.8604
-32	6362	12724	1999	159.524
-30	22284	44568	1999	298.557
-28	65346	130692	1999	511.257
-26	168141	336282	1999	820.1
-24	380282	760564	1999	1233.34
-22	83671	1.67342e+06	199	5785.19
-20	184737	3.69474e+06	199	8596.21
-18	418627	8.37254e+06	199	12940.3
-16	657874	1.31575e+07	199	16221.9
-14	661780	1.32356e+07	199	16270
-12	661034	1.32207e+07	199	16260.8
-10	660992	1.32198e+07	199	16260.3
-8	660972	1.32194e+07	199	16260
-6	660855	1.32171e+07	199	16258.6
-4	661032	1.32206e+07	199	16260.8
-2	661019	1.32204e+07	199	16260.6
0	660901	1.3218e+07	199	16259.2
2	661070	1.32214e+07	199	16261.2
4	661123	1.32225e+07	199	16261.9
6	660527	1.32105e+07	199	16254.6
8	59828	1.19656e+06	199	4891.95
10	55174	110348	1999	469.783
12	15730	31460	1999	250.839
14	4971	9942	1999	141.011
16	1656	3312	1999	81.388
18	437	874	1999	41.8091
20	96	192	1999	19.5959
22	12	24	1999	6.9282
24	12	24	1999	6.9282
26	0	0	1999	0
28	0	0	1999	0
30	0	0	1999	0
32	0	0	1999	0
34	0	0	1999	0
36	0	0	1999	0
38	0	0	1999	0
40	0	0	1999	0
42	0	0	1999	0
44	0	0	1999	0
