# Number of sweeps:10000
# Fast sweep mode
# Match window:1999
# Search window:2007
# Reject offset:2088
# Bunch offset:2096
# Coarse rollover:4095
# Threshold: [100, 150, 1]
# Channel:7
#thr	hits	freq	window	error
-54	0	0	1999	0
-52	0	0	1999	0
-50	0	0	1999	0
-48	20	40	1999	8.94427
-46	20	40	1999	8.94427
-44	0	0	1999	0
-42	0	0	1999	0
-40	0	0	1999	0
-38	0	0	1999	0
-36	0	0	1999	0
-34	0	0	1999	0
-32	24	48	1999	9.79796
-30	144	288	1999	24
-28	1014	2028	1999	63.6867
-26	5511	11022	1999	148.472
-24	28772	57544	1999	339.246
-22	151359	302718	1999	778.098
-20	71448	1.42896e+06	199	5345.95
-18	275407	5.50814e+06	199	10495.8
-16	597021	1.19404e+07	199	15453.4
-14	665271	1.33054e+07	199	16312.8
-12	662391	1.32478e+07	199	16277.5
-10	661686	1.32337e+07	199	16268.8
-8	661721	1.32344e+07	199	16269.2
-6	661553	1.32311e+07	199	16267.2
-4	661556	1.32311e+07	199	16267.2
-2	661495	1.32299e+07	199	16266.5
0	661588	1.32318e+07	199	16267.6
2	661582	1.32316e+07	199	16267.5
4	662167	1.32433e+07	199	16274.7
6	663755	1.32751e+07	199	16294.2
8	491419	9.82838e+06	199	14020.3
10	131977	2.63954e+06	199	7265.73
12	393272	786544	1999	1254.23
14	119116	238232	1999	690.264
16	34525	69050	1999	371.618
18	6396	12792	1999	159.95
20	2554	5108	1999	101.074
22	663	1326	1999	51.4976
24	216	432	1999	29.3939
26	48	96	1999	13.8564
28	12	24	1999	6.9282
30	0	0	1999	0
32	0	0	1999	0
34	20	40	1999	8.94427
36	0	0	1999	0
38	0	0	1999	0
40	0	0	1999	0
42	0	0	1999	0
44	0	0	1999	0
