# Number of sweeps:10000
# Fast sweep mode
# Match window:1999
# Search window:2007
# Reject offset:2088
# Bunch offset:2096
# Coarse rollover:4095
# Threshold: [100, 150, 1]
# Channel:2
#thr	hits	freq	window	error
-54	802	1604	1999	56.6392
-52	1407	2814	1999	75.02
-50	2889	5778	1999	107.499
-48	6031	12062	1999	155.319
-46	9731	19462	1999	197.292
-44	18162	36324	1999	269.533
-42	32672	65344	1999	361.508
-40	55722	111444	1999	472.11
-38	93074	186148	1999	610.161
-36	153184	306368	1999	782.775
-34	243716	487432	1999	987.352
-32	382038	764076	1999	1236.18
-30	603881	1.20776e+06	1999	1554.2
-28	90068	1.80136e+06	199	6002.27
-26	130079	2.60158e+06	199	7213.29
-24	188459	3.76918e+06	199	8682.37
-22	275782	5.51564e+06	199	10503
-20	411996	8.23992e+06	199	12837.4
-18	586435	1.17287e+07	199	15315.8
-16	660985	1.32197e+07	199	16260.2
-14	664682	1.32936e+07	199	16305.6
-12	662210	1.32442e+07	199	16275.3
-10	661650	1.3233e+07	199	16268.4
-8	661479	1.32296e+07	199	16266.3
-6	661409	1.32282e+07	199	16265.4
-4	661427	1.32285e+07	199	16265.6
-2	661354	1.32271e+07	199	16264.7
0	661454	1.32291e+07	199	16266
2	661375	1.32275e+07	199	16265
4	661892	1.32378e+07	199	16271.3
6	665103	1.33021e+07	199	16310.8
8	646171	1.29234e+07	199	16077
10	528916	1.05783e+07	199	14545.3
12	400813	8.01626e+06	199	12662
14	293660	5.8732e+06	199	10838.1
16	211910	4.2382e+06	199	9206.74
18	150970	3.0194e+06	199	7770.97
20	106418	2.12836e+06	199	6524.35
22	729977	1.45995e+06	1999	1708.77
24	486108	972216	1999	1394.43
26	322186	644372	1999	1135.23
28	205369	410738	1999	906.353
30	127610	255220	1999	714.451
32	75220	150440	1999	548.525
34	41200	82400	1999	405.956
36	22731	45462	1999	301.536
38	12352	24704	1999	222.279
40	6898	13796	1999	166.108
42	3980	7960	1999	126.174
44	2023	4046	1999	89.9555
