# Number of sweeps:10000
# Fast sweep mode
# Match window:1999
# Search window:2007
# Reject offset:2088
# Bunch offset:2096
# Coarse rollover:4095
# Threshold: [100, 150, 1]
# Channel:22
#thr	hits	freq	window	error
-54	0	0	1999	0
-52	0	0	1999	0
-50	0	0	1999	0
-48	0	0	1999	0
-46	0	0	1999	0
-44	0	0	1999	0
-42	0	0	1999	0
-40	0	0	1999	0
-38	28	56	1999	10.583
-36	0	0	1999	0
-34	24	48	1999	9.79796
-32	333	666	1999	36.4966
-30	1043	2086	1999	64.591
-28	2809	5618	1999	106
-26	13567	27134	1999	232.955
-24	51544	103088	1999	454.066
-22	181559	363118	1999	852.195
-20	641167	1.28233e+06	1999	1601.46
-18	234161	4.68322e+06	199	9678.04
-16	596482	1.19296e+07	199	15446.4
-14	665865	1.33173e+07	199	16320.1
-12	661487	1.32297e+07	199	16266.4
-10	661143	1.32229e+07	199	16262.1
-8	661146	1.32229e+07	199	16262.2
-6	660938	1.32188e+07	199	16259.6
-4	661027	1.32205e+07	199	16260.7
-2	661029	1.32206e+07	199	16260.7
0	661159	1.32232e+07	199	16262.3
2	660949	1.3219e+07	199	16259.8
4	660889	1.32178e+07	199	16259
6	661306	1.32261e+07	199	16264.1
8	150189	3.00378e+06	199	7750.85
10	295924	591848	1999	1087.98
12	82836	165672	1999	575.625
14	21187	42374	1999	291.115
16	5532	11064	1999	148.755
18	1210	2420	1999	69.5701
20	299	598	1999	34.5832
22	60	120	1999	15.4919
24	24	48	1999	9.79796
26	0	0	1999	0
28	0	0	1999	0
30	0	0	1999	0
32	0	0	1999	0
34	0	0	1999	0
36	0	0	1999	0
38	0	0	1999	0
40	0	0	1999	0
42	0	0	1999	0
44	0	0	1999	0
