# Number of sweeps:10000
# Fast sweep mode
# Match window:1999
# Search window:2007
# Reject offset:2088
# Bunch offset:2096
# Coarse rollover:4095
# Threshold: [100, 150, 1]
# Channel:21
#thr	hits	freq	window	error
-54	0	0	1999	0
-52	0	0	1999	0
-50	0	0	1999	0
-48	25	50	1999	10
-46	0	0	1999	0
-44	0	0	1999	0
-42	0	0	1999	0
-40	0	0	1999	0
-38	0	0	1999	0
-36	32	64	1999	11.3137
-34	12	24	1999	6.9282
-32	80	160	1999	17.8885
-30	311	622	1999	35.2704
-28	969	1938	1999	62.2575
-26	3275	6550	1999	114.455
-24	13342	26684	1999	231.015
-22	53386	106772	1999	462.108
-20	228473	456946	1999	955.977
-18	111464	2.22928e+06	199	6677.24
-16	495516	9.91032e+06	199	14078.6
-14	663719	1.32744e+07	199	16293.8
-12	662237	1.32447e+07	199	16275.6
-10	661076	1.32215e+07	199	16261.3
-8	661118	1.32224e+07	199	16261.8
-6	661048	1.3221e+07	199	16261
-4	660920	1.32184e+07	199	16259.4
-2	660951	1.3219e+07	199	16259.8
0	660996	1.32199e+07	199	16260.3
2	661136	1.32227e+07	199	16262.1
4	661139	1.32228e+07	199	16262.1
6	662806	1.32561e+07	199	16282.6
8	389390	7.7878e+06	199	12480.2
10	157416	3.14832e+06	199	7935.14
12	724577	1.44915e+06	1999	1702.44
14	317771	635542	1999	1127.42
16	130615	261230	1999	722.814
18	49592	99184	1999	445.385
20	17881	35762	1999	267.44
22	6538	13076	1999	161.716
24	2091	4182	1999	91.4549
26	598	1196	1999	48.9081
28	204	408	1999	28.5657
30	60	120	1999	15.4919
32	0	0	1999	0
34	0	0	1999	0
36	0	0	1999	0
38	0	0	1999	0
40	0	0	1999	0
42	0	0	1999	0
44	0	0	1999	0
