# Number of sweeps:10000
# Fast sweep mode
# Match window:1999
# Search window:2007
# Reject offset:2088
# Bunch offset:2096
# Coarse rollover:4095
# Threshold: [100, 150, 1]
# Channel:19
#thr	hits	freq	window	error
-54	0	0	1999	0
-52	20	40	1999	8.94427
-50	0	0	1999	0
-48	0	0	1999	0
-46	0	0	1999	0
-44	0	0	1999	0
-42	0	0	1999	0
-40	0	0	1999	0
-38	0	0	1999	0
-36	0	0	1999	0
-34	24	48	1999	9.79796
-32	153	306	1999	24.7386
-30	713	1426	1999	53.4041
-28	2253	4506	1999	94.9316
-26	4382	8764	1999	132.393
-24	21664	43328	1999	294.374
-22	77016	154032	1999	555.035
-20	278517	557034	1999	1055.49
-18	115264	2.30528e+06	199	6790.11
-16	494572	9.89144e+06	199	14065.2
-14	663657	1.32731e+07	199	16293
-12	662265	1.32453e+07	199	16275.9
-10	661267	1.32253e+07	199	16263.7
-8	661303	1.32261e+07	199	16264.1
-6	661305	1.32261e+07	199	16264.1
-4	661193	1.32239e+07	199	16262.8
-2	661137	1.32227e+07	199	16262.1
0	661188	1.32238e+07	199	16262.7
2	661282	1.32256e+07	199	16263.8
4	661387	1.32277e+07	199	16265.1
6	658931	1.31786e+07	199	16234.9
8	317884	6.35768e+06	199	11276.2
10	100012	2.00024e+06	199	6324.93
12	434344	868688	1999	1318.1
14	180185	360370	1999	848.964
16	70692	141384	1999	531.759
18	25340	50680	1999	318.371
20	9479	18958	1999	194.72
22	2737	5474	1999	104.633
24	768	1536	1999	55.4256
26	293	586	1999	34.2345
28	96	192	1999	19.5959
30	12	24	1999	6.9282
32	12	24	1999	6.9282
34	0	0	1999	0
36	0	0	1999	0
38	0	0	1999	0
40	0	0	1999	0
42	0	0	1999	0
44	0	0	1999	0
