# Number of sweeps:10000
# Fast sweep mode
# Match window:1999
# Search window:2007
# Reject offset:2088
# Bunch offset:2096
# Coarse rollover:4095
# Threshold: [100, 150, 1]
# Channel:18
#thr	hits	freq	window	error
-54	0	0	1999	0
-52	0	0	1999	0
-50	0	0	1999	0
-48	0	0	1999	0
-46	0	0	1999	0
-44	0	0	1999	0
-42	0	0	1999	0
-40	0	0	1999	0
-38	0	0	1999	0
-36	0	0	1999	0
-34	0	0	1999	0
-32	0	0	1999	0
-30	0	0	1999	0
-28	0	0	1999	0
-26	84	168	1999	18.3303
-24	920	1840	1999	60.663
-22	6207	12414	1999	157.569
-20	48097	96194	1999	438.621
-18	488944	977888	1999	1398.49
-16	441970	8.8394e+06	199	13296.2
-14	657640	1.31528e+07	199	16219
-12	665357	1.33071e+07	199	16313.9
-10	661408	1.32282e+07	199	16265.4
-8	660951	1.3219e+07	199	16259.8
-6	660979	1.32196e+07	199	16260.1
-4	660843	1.32169e+07	199	16258.5
-2	660859	1.32172e+07	199	16258.6
0	660859	1.32172e+07	199	16258.6
2	661004	1.32201e+07	199	16260.4
4	660922	1.32184e+07	199	16259.4
6	665030	1.33006e+07	199	16309.9
8	492308	9.84616e+06	199	14032.9
10	249117	4.98234e+06	199	9982.32
12	124361	2.48722e+06	199	7052.97
14	589391	1.17878e+06	1999	1535.44
16	248522	497044	1999	997.04
18	89066	178132	1999	596.879
20	30833	61666	1999	351.187
22	9554	19108	1999	195.489
24	3141	6282	1999	112.089
26	800	1600	1999	56.5685
28	144	288	1999	24
30	24	48	1999	9.79796
32	36	72	1999	12
34	0	0	1999	0
36	0	0	1999	0
38	0	0	1999	0
40	0	0	1999	0
42	0	0	1999	0
44	0	0	1999	0
