# Number of sweeps:10000
# Fast sweep mode
# Match window:1999
# Search window:2007
# Reject offset:2088
# Bunch offset:2096
# Coarse rollover:4095
# Threshold: [100, 150, 1]
# Channel:4
#thr	hits	freq	window	error
-54	10332	20664	1999	203.293
-52	18887	37774	1999	274.86
-50	33295	66590	1999	364.938
-48	60382	120764	1999	491.455
-46	100806	201612	1999	634.999
-44	165580	331160	1999	813.83
-42	262751	525502	1999	1025.18
-40	401690	803380	1999	1267.58
-38	603722	1.20744e+06	1999	1553.99
-36	86963	1.73926e+06	199	5897.9
-34	121621	2.43242e+06	199	6974.84
-32	171841	3.43682e+06	199	8290.74
-30	236477	4.72954e+06	199	9725.78
-28	313602	6.27204e+06	199	11200
-26	402016	8.04032e+06	199	12680.9
-24	502573	1.00515e+07	199	14178.5
-22	599975	1.19995e+07	199	15491.6
-20	653682	1.30736e+07	199	16170.1
-18	665501	1.331e+07	199	16315.6
-16	665675	1.33135e+07	199	16317.8
-14	662660	1.32532e+07	199	16280.8
-12	661754	1.32351e+07	199	16269.7
-10	661721	1.32344e+07	199	16269.2
-8	661413	1.32283e+07	199	16265.5
-6	661536	1.32307e+07	199	16267
-4	661614	1.32323e+07	199	16267.9
-2	661623	1.32325e+07	199	16268
0	661533	1.32307e+07	199	16266.9
2	661965	1.32393e+07	199	16272.2
4	662437	1.32487e+07	199	16278
6	664784	1.32957e+07	199	16306.9
8	534911	1.06982e+07	199	14627.5
10	214872	4.29744e+06	199	9270.86
12	109802	2.19604e+06	199	6627.28
14	598753	1.19751e+06	1999	1547.58
16	329409	658818	1999	1147.88
18	180673	361346	1999	850.113
20	96243	192486	1999	620.461
22	49547	99094	1999	445.183
24	25139	50278	1999	317.106
26	12422	24844	1999	222.908
28	6347	12694	1999	159.336
30	3146	6292	1999	112.178
32	1615	3230	1999	80.3741
34	686	1372	1999	52.3832
36	310	620	1999	35.2136
38	168	336	1999	25.923
40	48	96	1999	13.8564
42	12	24	1999	6.9282
44	0	0	1999	0
