# Number of sweeps:10000
# Fast sweep mode
# Match window:1999
# Search window:2007
# Reject offset:2088
# Bunch offset:2096
# Coarse rollover:4095
# Threshold: [100, 150, 1]
# Channel:12
#thr	hits	freq	window	error
-54	0	0	1999	0
-52	0	0	1999	0
-50	0	0	1999	0
-48	0	0	1999	0
-46	0	0	1999	0
-44	0	0	1999	0
-42	0	0	1999	0
-40	12	24	1999	6.9282
-38	24	48	1999	9.79796
-36	144	288	1999	24
-34	348	696	1999	37.3095
-32	1175	2350	1999	68.5565
-30	3691	7382	1999	121.507
-28	8279	16558	1999	181.978
-26	33844	67688	1999	367.935
-24	94573	189146	1999	615.054
-22	238761	477522	1999	977.264
-20	555004	1.11001e+06	1999	1489.97
-18	122214	2.44428e+06	199	6991.82
-16	260961	5.21922e+06	199	10216.9
-14	517330	1.03466e+07	199	14385.1
-12	664794	1.32959e+07	199	16307
-10	661329	1.32266e+07	199	16264.4
-8	660980	1.32196e+07	199	16260.1
-6	660839	1.32168e+07	199	16258.4
-4	660749	1.3215e+07	199	16257.3
-2	660706	1.32141e+07	199	16256.8
0	660758	1.32152e+07	199	16257.4
2	660824	1.32165e+07	199	16258.2
4	660738	1.32148e+07	199	16257.2
6	660790	1.32158e+07	199	16257.8
8	661730	1.32346e+07	199	16269.4
10	657833	1.31567e+07	199	16221.4
12	213774	4.27548e+06	199	9247.14
14	113701	227402	1999	674.392
16	26903	53806	1999	328.043
18	6676	13352	1999	163.414
20	1252	2504	1999	70.7672
22	298	596	1999	34.5254
24	36	72	1999	12
26	12	24	1999	6.9282
28	0	0	1999	0
30	0	0	1999	0
32	0	0	1999	0
34	0	0	1999	0
36	0	0	1999	0
38	0	0	1999	0
40	0	0	1999	0
42	0	0	1999	0
44	0	0	1999	0
