# Number of sweeps:10000
# Fast sweep mode
# Match window:1999
# Search window:2007
# Reject offset:2088
# Bunch offset:2096
# Coarse rollover:4095
# Threshold: [100, 150, 1]
# Channel:16
#thr	hits	freq	window	error
-54	0	0	1999	0
-52	0	0	1999	0
-50	0	0	1999	0
-48	0	0	1999	0
-46	0	0	1999	0
-44	12	24	1999	6.9282
-42	0	0	1999	0
-40	0	0	1999	0
-38	0	0	1999	0
-36	12	24	1999	6.9282
-34	168	336	1999	25.923
-32	824	1648	1999	57.4108
-30	2186	4372	1999	93.5094
-28	7002	14004	1999	167.356
-26	21666	43332	1999	294.387
-24	64925	129850	1999	509.608
-22	192484	384968	1999	877.46
-20	539749	1.0795e+06	1999	1469.35
-18	157865	3.1573e+06	199	7946.45
-16	495501	9.91002e+06	199	14078.4
-14	662510	1.32502e+07	199	16278.9
-12	663447	1.32689e+07	199	16290.5
-10	661561	1.32312e+07	199	16267.3
-8	661243	1.32249e+07	199	16263.4
-6	661438	1.32288e+07	199	16265.8
-4	661273	1.32255e+07	199	16263.7
-2	661256	1.32251e+07	199	16263.5
0	661200	1.3224e+07	199	16262.8
2	661155	1.32231e+07	199	16262.3
4	661795	1.32359e+07	199	16270.2
6	660014	1.32003e+07	199	16248.2
8	83787	1.67574e+06	199	5789.2
10	96049	192098	1999	619.835
12	27081	54162	1999	329.126
14	6888	13776	1999	165.988
16	1819	3638	1999	85.2995
18	473	946	1999	43.4971
20	60	120	1999	15.4919
22	60	120	1999	15.4919
24	0	0	1999	0
26	0	0	1999	0
28	0	0	1999	0
30	0	0	1999	0
32	0	0	1999	0
34	0	0	1999	0
36	0	0	1999	0
38	0	0	1999	0
40	0	0	1999	0
42	0	0	1999	0
44	0	0	1999	0
