# Number of sweeps:10000
# Fast sweep mode
# Match window:1999
# Search window:2007
# Reject offset:2088
# Bunch offset:2096
# Coarse rollover:4095
# Threshold: [100, 150, 1]
# Channel:11
#thr	hits	freq	window	error
-54	0	0	1999	0
-52	0	0	1999	0
-50	0	0	1999	0
-48	0	0	1999	0
-46	24	48	1999	9.79796
-44	36	72	1999	12
-42	142	284	1999	23.8328
-40	240	480	1999	30.9839
-38	887	1774	1999	59.5651
-36	2894	5788	1999	107.592
-34	6610	13220	1999	162.604
-32	18868	37736	1999	274.722
-30	49161	98322	1999	443.446
-28	110038	220076	1999	663.44
-26	231718	463436	1999	962.742
-24	447079	894158	1999	1337.28
-22	85857	1.71714e+06	199	5860.27
-20	158598	3.17196e+06	199	7964.87
-18	273594	5.47188e+06	199	10461.2
-16	459743	9.19486e+06	199	13560.9
-14	641933	1.28387e+07	199	16024.1
-12	665334	1.33067e+07	199	16313.6
-10	661531	1.32306e+07	199	16266.9
-8	661139	1.32228e+07	199	16262.1
-6	661052	1.3221e+07	199	16261
-4	660913	1.32183e+07	199	16259.3
-2	660881	1.32176e+07	199	16258.9
0	660897	1.32179e+07	199	16259.1
2	660848	1.3217e+07	199	16258.5
4	661037	1.32207e+07	199	16260.8
6	661034	1.32207e+07	199	16260.8
8	662165	1.32433e+07	199	16274.7
10	655751	1.3115e+07	199	16195.7
12	152174	3.04348e+06	199	7801.9
14	36799	73598	1999	383.661
16	7473	14946	1999	172.893
18	1851	3702	1999	86.0465
20	562	1124	1999	47.4131
22	96	192	1999	19.5959
24	24	48	1999	9.79796
26	0	0	1999	0
28	0	0	1999	0
30	0	0	1999	0
32	0	0	1999	0
34	0	0	1999	0
36	0	0	1999	0
38	0	0	1999	0
40	0	0	1999	0
42	0	0	1999	0
44	0	0	1999	0
