# Number of sweeps:10000
# Fast sweep mode
# Match window:31
# Search window:39
# Reject offset:3424
# Bunch offset:3464
# Coarse rollover:3563
# Threshold: [100, 150, 1]
# Channel:0
#thr	hits	freq	window	error
-54	0	0	1999	0
-52	0	0	1999	0
-50	0	0	1999	0
-48	0	0	1999	0
-46	0	0	1999	0
-44	0	0	1999	0
-42	0	0	1999	0
-40	0	0	1999	0
-38	72	144	1999	16.9706
-36	249	498	1999	31.5595
-34	636	1272	1999	50.4381
-32	2517	5034	1999	100.339
-30	7224	14448	1999	169.988
-28	29758	59516	1999	345.01
-26	79621	159242	1999	564.344
-24	203677	407354	1999	902.612
-22	488905	977810	1999	1398.43
-20	118065	2.3613e+06	199	6872.12
-18	300906	6.01812e+06	199	10971
-16	598643	1.19729e+07	199	15474.4
-14	665520	1.33104e+07	199	16315.9
-12	662385	1.32477e+07	199	16277.4
-10	661726	1.32345e+07	199	16269.3
-8	661615	1.32323e+07	199	16267.9
-6	661529	1.32306e+07	199	16266.9
-4	661419	1.32284e+07	199	16265.5
-2	661340	1.32268e+07	199	16264.6
0	661338	1.32268e+07	199	16264.5
2	661625	1.32325e+07	199	16268.1
4	662331	1.32466e+07	199	16276.7
6	662814	1.32563e+07	199	16282.7
8	473946	9.47892e+06	199	13768.7
10	79420	1.5884e+06	199	5636.31
12	222189	444378	1999	942.739
14	73188	146376	1999	541.066
16	24703	49406	1999	314.344
18	8815	17630	1999	187.776
20	3043	6086	1999	110.327
22	1122	2244	1999	66.9925
24	300	600	1999	34.641
26	60	120	1999	15.4919
28	24	48	1999	9.79796
30	0	0	1999	0
32	0	0	1999	0
34	0	0	1999	0
36	0	0	1999	0
38	0	0	1999	0
40	0	0	1999	0
42	0	0	1999	0
44	0	0	1999	0
