# Number of sweeps:10000
# Fast sweep mode
# Match window:1999
# Search window:2007
# Reject offset:2088
# Bunch offset:2096
# Coarse rollover:4095
# Threshold: [100, 150, 1]
# Channel:1
#thr	hits	freq	window	error
-54	2521	5042	1999	100.419
-52	3645	7290	1999	120.748
-50	8134	16268	1999	180.377
-48	14283	28566	1999	239.023
-46	24701	49402	1999	314.331
-44	42426	84852	1999	411.951
-42	72137	144274	1999	537.167
-40	116120	232240	1999	681.528
-38	186103	372206	1999	862.793
-36	285674	571348	1999	1068.97
-34	421951	843902	1999	1299.16
-32	627965	1.25593e+06	1999	1584.88
-30	91367	1.82734e+06	199	6045.39
-28	128132	2.56264e+06	199	7159.11
-26	173978	3.47956e+06	199	8342.13
-24	235178	4.70356e+06	199	9699.03
-22	320891	6.41782e+06	199	11329.4
-20	445191	8.90382e+06	199	13344.5
-18	596481	1.19296e+07	199	15446.4
-16	661848	1.3237e+07	199	16270.8
-14	664533	1.32907e+07	199	16303.8
-12	662255	1.32451e+07	199	16275.8
-10	661784	1.32357e+07	199	16270
-8	661512	1.32302e+07	199	16266.7
-6	661278	1.32256e+07	199	16263.8
-4	661302	1.3226e+07	199	16264.1
-2	661445	1.32289e+07	199	16265.9
0	661548	1.3231e+07	199	16267.1
2	661821	1.32364e+07	199	16270.5
4	661965	1.32393e+07	199	16272.2
6	665536	1.33107e+07	199	16316.1
8	614928	1.22986e+07	199	15683.5
10	415570	8.3114e+06	199	12892.9
12	289252	5.78504e+06	199	10756.4
14	202709	4.05418e+06	199	9004.64
16	142650	2.853e+06	199	7553.81
18	99425	1.9885e+06	199	6306.35
20	684471	1.36894e+06	1999	1654.66
22	455724	911448	1999	1350.15
24	300015	600030	1999	1095.47
26	190846	381692	1999	873.718
28	117605	235210	1999	685.872
30	71872	143744	1999	536.179
32	42104	84208	1999	410.385
34	21695	43390	1999	294.584
36	12069	24138	1999	219.718
38	6453	12906	1999	160.661
40	3633	7266	1999	120.549
42	1910	3820	1999	87.4071
44	1203	2406	1999	69.3686
