# Number of sweeps:10000
# Fast sweep mode
# Match window:1999
# Search window:2007
# Reject offset:2088
# Bunch offset:2096
# Coarse rollover:4095
# Threshold: [100, 150, 1]
# Channel:10
#thr	hits	freq	window	error
-54	0	0	1999	0
-52	0	0	1999	0
-50	0	0	1999	0
-48	0	0	1999	0
-46	0	0	1999	0
-44	0	0	1999	0
-42	0	0	1999	0
-40	0	0	1999	0
-38	0	0	1999	0
-36	0	0	1999	0
-34	0	0	1999	0
-32	0	0	1999	0
-30	132	264	1999	22.9783
-28	459	918	1999	42.8486
-26	1325	2650	1999	72.8011
-24	4463	8926	1999	133.611
-22	18313	36626	1999	270.651
-20	61847	123694	1999	497.381
-18	199182	398364	1999	892.596
-16	604181	1.20836e+06	1999	1554.58
-14	207581	4.15162e+06	199	9112.21
-12	619496	1.23899e+07	199	15741.6
-10	662243	1.32449e+07	199	16275.7
-8	661017	1.32203e+07	199	16260.6
-6	660979	1.32196e+07	199	16260.1
-4	660865	1.32173e+07	199	16258.7
-2	660842	1.32168e+07	199	16258.4
0	660919	1.32184e+07	199	16259.4
2	660852	1.3217e+07	199	16258.6
4	660810	1.32162e+07	199	16258
6	660978	1.32196e+07	199	16260.1
8	661653	1.32331e+07	199	16268.4
10	658686	1.31737e+07	199	16231.9
12	260209	5.20418e+06	199	10202.1
14	254613	509226	1999	1009.18
16	72350	144700	1999	537.959
18	21287	42574	1999	291.801
20	5606	11212	1999	149.746
22	1764	3528	1999	84
24	330	660	1999	36.3318
26	84	168	1999	18.3303
28	48	96	1999	13.8564
30	0	0	1999	0
32	0	0	1999	0
34	0	0	1999	0
36	0	0	1999	0
38	0	0	1999	0
40	0	0	1999	0
42	0	0	1999	0
44	0	0	1999	0
