# Number of sweeps:10000
# Fast sweep mode
# Match window:1999
# Search window:2007
# Reject offset:2088
# Bunch offset:2096
# Coarse rollover:4095
# Threshold: [100, 150, 1]
# Channel:3
#thr	hits	freq	window	error
-54	212	424	1999	29.1204
-52	625	1250	1999	50
-50	844	1688	1999	58.1034
-48	2133	4266	1999	92.3688
-46	4536	9072	1999	134.7
-44	8323	16646	1999	182.461
-42	15117	30234	1999	245.902
-40	27795	55590	1999	333.437
-38	49694	99388	1999	445.843
-36	88527	177054	1999	595.07
-34	149099	298198	1999	772.267
-32	253311	506622	1999	1006.6
-30	422551	845102	1999	1300.08
-28	689247	1.37849e+06	1999	1660.42
-26	105238	2.10476e+06	199	6488.08
-24	161832	3.23664e+06	199	8045.67
-22	249317	4.98634e+06	199	9986.33
-20	390713	7.81426e+06	199	12501.4
-18	578413	1.15683e+07	199	15210.7
-16	660662	1.32132e+07	199	16256.2
-14	664746	1.32949e+07	199	16306.4
-12	662504	1.32501e+07	199	16278.9
-10	661766	1.32353e+07	199	16269.8
-8	661397	1.32279e+07	199	16265.3
-6	661477	1.32295e+07	199	16266.2
-4	661341	1.32268e+07	199	16264.6
-2	661305	1.32261e+07	199	16264.1
0	661325	1.32265e+07	199	16264.4
2	661455	1.32291e+07	199	16266
4	661796	1.32359e+07	199	16270.2
6	664403	1.32881e+07	199	16302.2
8	650275	1.30055e+07	199	16127.9
10	544418	1.08884e+07	199	14756.9
12	411827	8.23654e+06	199	12834.7
14	297676	5.95352e+06	199	10911.9
16	211107	4.22214e+06	199	9189.28
18	147717	2.95434e+06	199	7686.79
20	100788	2.01576e+06	199	6349.43
22	680736	1.36147e+06	1999	1650.13
24	439518	879036	1999	1325.92
26	280908	561816	1999	1060.02
28	172653	345306	1999	831.031
30	104317	208634	1999	645.963
32	56782	113564	1999	476.579
34	30440	60880	1999	348.941
36	15798	31596	1999	251.38
38	8277	16554	1999	181.956
40	4624	9248	1999	136
42	2659	5318	1999	103.131
44	1267	2534	1999	71.1899
