# Number of sweeps:10000
# Fast sweep mode
# Match window:1999
# Search window:2007
# Reject offset:2088
# Bunch offset:2096
# Coarse rollover:4095
# Threshold: [100, 150, 1]
# Channel:8
#thr	hits	freq	window	error
-54	0	0	1999	0
-52	0	0	1999	0
-50	0	0	1999	0
-48	12	24	1999	6.9282
-46	0	0	1999	0
-44	12	24	1999	6.9282
-42	0	0	1999	0
-40	0	0	1999	0
-38	0	0	1999	0
-36	12	24	1999	6.9282
-34	0	0	1999	0
-32	0	0	1999	0
-30	104	208	1999	20.3961
-28	224	448	1999	29.9333
-26	750	1500	1999	54.7723
-24	3065	6130	1999	110.725
-22	8986	17972	1999	189.589
-20	32141	64282	1999	358.558
-18	99538	199076	1999	630.993
-16	298196	596392	1999	1092.15
-14	105878	2.11756e+06	199	6507.78
-12	550422	1.10084e+07	199	14838.1
-10	665248	1.3305e+07	199	16312.5
-8	662180	1.32436e+07	199	16274.9
-6	661688	1.32338e+07	199	16268.8
-4	661396	1.32279e+07	199	16265.3
-2	661627	1.32325e+07	199	16268.1
0	661230	1.32246e+07	199	16263.2
2	661197	1.32239e+07	199	16262.8
4	661281	1.32256e+07	199	16263.8
6	661337	1.32267e+07	199	16264.5
8	661347	1.32269e+07	199	16264.6
10	662463	1.32493e+07	199	16278.4
12	315886	6.31772e+06	199	11240.7
14	305771	611542	1999	1105.93
16	100935	201870	1999	635.405
18	35231	70462	1999	375.398
20	11235	22470	1999	211.991
22	3631	7262	1999	120.516
24	1043	2086	1999	64.591
26	249	498	1999	31.5595
28	72	144	1999	16.9706
30	12	24	1999	6.9282
32	0	0	1999	0
34	0	0	1999	0
36	0	0	1999	0
38	0	0	1999	0
40	0	0	1999	0
42	0	0	1999	0
44	0	0	1999	0
