thr	hits	freq	error
-84	0	0	
-80	0	0	
-76	0	0	
-72	0	0	
-68	0	0	
-64	0	0	
-60	0	0	
-56	0	0	
-52	0	0	
-48	0	0	
-44	1	800	800
-40	5	4000	1788.85
-36	21	16800	3666.06
-32	45	36000	5366.56
-28	67	53600	6548.28
-24	90	72000	7589.47
-20	89	71200	7547.18
-16	134	107200	9260.67
-12	223	178400	11946.5
-8	619	495200	19903.8
-4	1102	881600	26557.1
0	1326	1.0608e+06	29131.4
4	1143	914400	27046.6
8	693	554400	21059.9
12	200	160000	11313.7
16	108	86400	8313.84
20	96	76800	7838.37
24	92	73600	7673.33
28	83	66400	7288.35
32	47	37600	5484.52
36	16	12800	3200
40	5	4000	1788.85
44	2	1600	1131.37
48	0	0	
52	0	0	
56	0	0	
60	0	0	
64	0	0	
68	0	0	
72	0	0	
