# Number of sweeps:2000
# Fast sweep mode
# Match window:1999
# Search window:2007
# Reject offset:2088
# Bunch offset:2096
# Coarse rollover:4095
# Threshold: [80, 170, 1]
# Channel:6
#thr	hits	freq	window	error
-94	0	0	1999	0
-92	0	0	1999	0
-90	0	0	1999	0
-88	0	0	1999	0
-86	0	0	1999	0
-84	0	0	1999	0
-82	0	0	1999	0
-80	0	0	1999	0
-78	0	0	1999	0
-76	0	0	1999	0
-74	0	0	1999	0
-72	0	0	1999	0
-70	0	0	1999	0
-68	0	0	1999	0
-66	0	0	1999	0
-64	0	0	1999	0
-62	0	0	1999	0
-60	0	0	1999	0
-58	0	0	1999	0
-56	0	0	1999	0
-54	0	0	1999	0
-52	0	0	1999	0
-50	0	0	1999	0
-48	0	0	1999	0
-46	0	0	1999	0
-44	0	0	1999	0
-42	0	0	1999	0
-40	0	0	1999	0
-38	0	0	1999	0
-36	0	0	1999	0
-34	0	0	1999	0
-32	0	0	1999	0
-30	0	0	1999	0
-28	12	120	1999	34.641
-26	12	120	1999	34.641
-24	102	1020	1999	100.995
-22	370	3700	1999	192.354
-20	2383	23830	1999	488.16
-18	9201	92010	1999	959.218
-16	39517	395170	1999	1987.89
-14	119468	1.19468e+06	1999	3456.41
-12	31430	3.143e+06	199	17728.5
-10	77612	7.7612e+06	199	27858.9
-8	126954	1.26954e+07	199	35630.6
-6	133093	1.33093e+07	199	36481.9
-4	132564	1.32564e+07	199	36409.3
-2	132484	1.32484e+07	199	36398.4
0	132458	1.32458e+07	199	36394.8
2	132406	1.32406e+07	199	36387.6
4	132452	1.32452e+07	199	36394
6	132367	1.32367e+07	199	36382.3
8	132587	1.32587e+07	199	36412.5
10	132556	1.32556e+07	199	36408.2
12	126386	1.26386e+07	199	35550.8
14	44258	4.4258e+06	199	21037.6
16	136560	1.3656e+06	1999	3695.4
18	39866	398660	1999	1996.65
20	10678	106780	1999	1033.34
22	2126	21260	1999	461.086
24	473	4730	1999	217.486
26	84	840	1999	91.6515
28	60	600	1999	77.4597
30	0	0	1999	0
32	0	0	1999	0
34	0	0	1999	0
36	0	0	1999	0
38	0	0	1999	0
40	0	0	1999	0
42	0	0	1999	0
44	0	0	1999	0
46	0	0	1999	0
48	0	0	1999	0
50	0	0	1999	0
52	0	0	1999	0
54	0	0	1999	0
56	0	0	1999	0
58	0	0	1999	0
60	0	0	1999	0
62	0	0	1999	0
64	0	0	1999	0
66	0	0	1999	0
68	0	0	1999	0
70	0	0	1999	0
72	0	0	1999	0
74	0	0	1999	0
76	0	0	1999	0
78	0	0	1999	0
80	0	0	1999	0
82	0	0	1999	0
84	0	0	1999	0
