# Number of sweeps:2000
# Fast sweep mode
# Match window:1999
# Search window:2007
# Reject offset:2088
# Bunch offset:2096
# Coarse rollover:4095
# Threshold: [80, 170, 1]
# Channel:14
#thr	hits	freq	window	error
-94	0	0	1999	0
-92	0	0	1999	0
-90	0	0	1999	0
-88	0	0	1999	0
-86	0	0	1999	0
-84	0	0	1999	0
-82	0	0	1999	0
-80	0	0	1999	0
-78	0	0	1999	0
-76	0	0	1999	0
-74	0	0	1999	0
-72	0	0	1999	0
-70	0	0	1999	0
-68	0	0	1999	0
-66	0	0	1999	0
-64	0	0	1999	0
-62	0	0	1999	0
-60	0	0	1999	0
-58	0	0	1999	0
-56	0	0	1999	0
-54	0	0	1999	0
-52	0	0	1999	0
-50	0	0	1999	0
-48	0	0	1999	0
-46	0	0	1999	0
-44	0	0	1999	0
-42	0	0	1999	0
-40	0	0	1999	0
-38	0	0	1999	0
-36	0	0	1999	0
-34	0	0	1999	0
-32	0	0	1999	0
-30	12	120	1999	34.641
-28	12	120	1999	34.641
-26	12	120	1999	34.641
-24	151	1510	1999	122.882
-22	574	5740	1999	239.583
-20	3132	31320	1999	559.643
-18	16396	163960	1999	1280.47
-16	69008	690080	1999	2626.94
-14	22394	2.2394e+06	199	14964.6
-12	65015	6.5015e+06	199	25498
-10	124789	1.24789e+07	199	35325.5
-8	133156	1.33156e+07	199	36490.5
-6	132612	1.32612e+07	199	36415.9
-4	132600	1.326e+07	199	36414.3
-2	132603	1.32603e+07	199	36414.7
0	132543	1.32543e+07	199	36406.5
2	132334	1.32334e+07	199	36377.7
4	132458	1.32458e+07	199	36394.8
6	132612	1.32612e+07	199	36415.9
8	126210	1.2621e+07	199	35526
10	25130	2.513e+06	199	15852.4
12	53830	538300	1999	2320.13
14	11478	114780	1999	1071.35
16	2218	22180	1999	470.956
18	586	5860	1999	242.074
20	175	1750	1999	132.288
22	12	120	1999	34.641
24	0	0	1999	0
26	0	0	1999	0
28	0	0	1999	0
30	0	0	1999	0
32	0	0	1999	0
34	0	0	1999	0
36	0	0	1999	0
38	0	0	1999	0
40	0	0	1999	0
42	0	0	1999	0
44	0	0	1999	0
46	0	0	1999	0
48	0	0	1999	0
50	0	0	1999	0
52	0	0	1999	0
54	0	0	1999	0
56	0	0	1999	0
58	0	0	1999	0
60	0	0	1999	0
62	0	0	1999	0
64	0	0	1999	0
66	0	0	1999	0
68	0	0	1999	0
70	0	0	1999	0
72	0	0	1999	0
74	0	0	1999	0
76	0	0	1999	0
78	0	0	1999	0
80	0	0	1999	0
82	0	0	1999	0
84	0	0	1999	0
