# Number of sweeps:2000
# Fast sweep mode
# Match window:1999
# Search window:2007
# Reject offset:2088
# Bunch offset:2096
# Coarse rollover:4095
# Threshold: [80, 170, 1]
# Channel:17
#thr	hits	freq	window	error
-94	0	0	1999	0
-92	0	0	1999	0
-90	0	0	1999	0
-88	0	0	1999	0
-86	0	0	1999	0
-84	0	0	1999	0
-82	0	0	1999	0
-80	0	0	1999	0
-78	0	0	1999	0
-76	0	0	1999	0
-74	0	0	1999	0
-72	0	0	1999	0
-70	0	0	1999	0
-68	0	0	1999	0
-66	0	0	1999	0
-64	0	0	1999	0
-62	0	0	1999	0
-60	0	0	1999	0
-58	0	0	1999	0
-56	0	0	1999	0
-54	0	0	1999	0
-52	0	0	1999	0
-50	0	0	1999	0
-48	0	0	1999	0
-46	0	0	1999	0
-44	0	0	1999	0
-42	0	0	1999	0
-40	0	0	1999	0
-38	0	0	1999	0
-36	0	0	1999	0
-34	0	0	1999	0
-32	0	0	1999	0
-30	0	0	1999	0
-28	0	0	1999	0
-26	12	120	1999	34.641
-24	24	240	1999	48.9898
-22	188	1880	1999	137.113
-20	468	4680	1999	216.333
-18	2817	28170	1999	530.754
-16	15623	156230	1999	1249.92
-14	70111	701110	1999	2647.85
-12	28645	2.8645e+06	199	16924.8
-10	107317	1.07317e+07	199	32759.3
-8	133136	1.33136e+07	199	36487.8
-6	132670	1.3267e+07	199	36423.9
-4	132424	1.32424e+07	199	36390.1
-2	132460	1.3246e+07	199	36395.1
0	132262	1.32262e+07	199	36367.8
2	132253	1.32253e+07	199	36366.6
4	132414	1.32414e+07	199	36388.7
6	132497	1.32497e+07	199	36400.1
8	124211	1.24211e+07	199	35243.6
10	47805	4.7805e+06	199	21864.4
12	19265	1.9265e+06	199	13879.8
14	77700	777000	1999	2787.47
16	27642	276420	1999	1662.59
18	8425	84250	1999	917.878
20	2457	24570	1999	495.681
22	757	7570	1999	275.136
24	118	1180	1999	108.628
26	24	240	1999	48.9898
28	0	0	1999	0
30	0	0	1999	0
32	0	0	1999	0
34	0	0	1999	0
36	0	0	1999	0
38	0	0	1999	0
40	0	0	1999	0
42	0	0	1999	0
44	0	0	1999	0
46	0	0	1999	0
48	0	0	1999	0
50	0	0	1999	0
52	0	0	1999	0
54	0	0	1999	0
56	0	0	1999	0
58	0	0	1999	0
60	0	0	1999	0
62	0	0	1999	0
64	0	0	1999	0
66	0	0	1999	0
68	0	0	1999	0
70	0	0	1999	0
72	0	0	1999	0
74	0	0	1999	0
76	0	0	1999	0
78	0	0	1999	0
80	0	0	1999	0
82	0	0	1999	0
84	0	0	1999	0
