# Number of sweeps:2000
# Fast sweep mode
# Match window:1999
# Search window:2007
# Reject offset:2088
# Bunch offset:2096
# Coarse rollover:4095
# Threshold: [80, 170, 1]
# Channel:20
#thr	hits	freq	window	error
-94	0	0	1999	0
-92	0	0	1999	0
-90	0	0	1999	0
-88	0	0	1999	0
-86	0	0	1999	0
-84	0	0	1999	0
-82	0	0	1999	0
-80	0	0	1999	0
-78	0	0	1999	0
-76	0	0	1999	0
-74	0	0	1999	0
-72	0	0	1999	0
-70	0	0	1999	0
-68	0	0	1999	0
-66	0	0	1999	0
-64	0	0	1999	0
-62	0	0	1999	0
-60	0	0	1999	0
-58	0	0	1999	0
-56	0	0	1999	0
-54	0	0	1999	0
-52	0	0	1999	0
-50	0	0	1999	0
-48	0	0	1999	0
-46	0	0	1999	0
-44	0	0	1999	0
-42	0	0	1999	0
-40	0	0	1999	0
-38	0	0	1999	0
-36	0	0	1999	0
-34	12	120	1999	34.641
-32	117	1170	1999	108.167
-30	546	5460	1999	233.666
-28	1669	16690	1999	408.534
-26	6793	67930	1999	824.197
-24	23601	236010	1999	1536.26
-22	61332	613320	1999	2476.53
-20	157962	1.57962e+06	1999	3974.44
-18	32525	3.2525e+06	199	18034.7
-16	67768	6.7768e+06	199	26032.3
-14	119265	1.19265e+07	199	34534.8
-12	133246	1.33246e+07	199	36502.9
-10	133196	1.33196e+07	199	36496
-8	132616	1.32616e+07	199	36416.5
-6	132400	1.324e+07	199	36386.8
-4	132440	1.3244e+07	199	36392.3
-2	132296	1.32296e+07	199	36372.5
0	132339	1.32339e+07	199	36378.4
2	132316	1.32316e+07	199	36375.3
4	132365	1.32365e+07	199	36382
6	132899	1.32899e+07	199	36455.3
8	96929	9.6929e+06	199	31133.4
10	45387	453870	1999	2130.42
12	4582	45820	1999	676.905
14	606	6060	1999	246.171
16	156	1560	1999	124.9
18	24	240	1999	48.9898
20	0	0	1999	0
22	0	0	1999	0
24	0	0	1999	0
26	0	0	1999	0
28	0	0	1999	0
30	0	0	1999	0
32	0	0	1999	0
34	0	0	1999	0
36	0	0	1999	0
38	0	0	1999	0
40	0	0	1999	0
42	0	0	1999	0
44	0	0	1999	0
46	0	0	1999	0
48	0	0	1999	0
50	0	0	1999	0
52	0	0	1999	0
54	0	0	1999	0
56	0	0	1999	0
58	0	0	1999	0
60	0	0	1999	0
62	0	0	1999	0
64	0	0	1999	0
66	0	0	1999	0
68	0	0	1999	0
70	0	0	1999	0
72	0	0	1999	0
74	0	0	1999	0
76	0	0	1999	0
78	0	0	1999	0
80	0	0	1999	0
82	0	0	1999	0
84	0	0	1999	0
