# Number of sweeps:2000
# Fast sweep mode
# Match window:1999
# Search window:2007
# Reject offset:2088
# Bunch offset:2096
# Coarse rollover:4095
# Threshold: [80, 170, 1]
# Channel:23
#thr	hits	freq	window	error
-94	0	0	1999	0
-92	0	0	1999	0
-90	0	0	1999	0
-88	0	0	1999	0
-86	0	0	1999	0
-84	0	0	1999	0
-82	0	0	1999	0
-80	0	0	1999	0
-78	0	0	1999	0
-76	0	0	1999	0
-74	0	0	1999	0
-72	0	0	1999	0
-70	0	0	1999	0
-68	0	0	1999	0
-66	0	0	1999	0
-64	0	0	1999	0
-62	0	0	1999	0
-60	0	0	1999	0
-58	0	0	1999	0
-56	0	0	1999	0
-54	0	0	1999	0
-52	0	0	1999	0
-50	0	0	1999	0
-48	0	0	1999	0
-46	0	0	1999	0
-44	0	0	1999	0
-42	0	0	1999	0
-40	0	0	1999	0
-38	0	0	1999	0
-36	0	0	1999	0
-34	0	0	1999	0
-32	0	0	1999	0
-30	0	0	1999	0
-28	0	0	1999	0
-26	12	120	1999	34.641
-24	48	480	1999	69.282
-22	72	720	1999	84.8528
-20	677	6770	1999	260.192
-18	4673	46730	1999	683.593
-16	32490	324900	1999	1802.5
-14	151917	1.51917e+06	1999	3897.65
-12	55337	5.5337e+06	199	23523.8
-10	124592	1.24592e+07	199	35297.6
-8	132822	1.32822e+07	199	36444.8
-6	132525	1.32525e+07	199	36404
-4	132481	1.32481e+07	199	36397.9
-2	132373	1.32373e+07	199	36383.1
0	132340	1.3234e+07	199	36378.6
2	132330	1.3233e+07	199	36377.2
4	132343	1.32343e+07	199	36379
6	132520	1.3252e+07	199	36403.3
8	117861	1.17861e+07	199	34330.9
10	35771	3.5771e+06	199	18913.2
12	130823	1.30823e+06	1999	3616.95
14	43232	432320	1999	2079.23
16	13287	132870	1999	1152.69
18	2872	28720	1999	535.91
20	826	8260	1999	287.402
22	254	2540	1999	159.374
24	72	720	1999	84.8528
26	0	0	1999	0
28	0	0	1999	0
30	0	0	1999	0
32	0	0	1999	0
34	0	0	1999	0
36	0	0	1999	0
38	0	0	1999	0
40	0	0	1999	0
42	0	0	1999	0
44	0	0	1999	0
46	0	0	1999	0
48	0	0	1999	0
50	0	0	1999	0
52	0	0	1999	0
54	0	0	1999	0
56	0	0	1999	0
58	0	0	1999	0
60	0	0	1999	0
62	0	0	1999	0
64	0	0	1999	0
66	0	0	1999	0
68	0	0	1999	0
70	0	0	1999	0
72	0	0	1999	0
74	0	0	1999	0
76	0	0	1999	0
78	0	0	1999	0
80	0	0	1999	0
82	0	0	1999	0
84	0	0	1999	0
