# Number of sweeps:2000
# Fast sweep mode
# Match window:1999
# Search window:2007
# Reject offset:2088
# Bunch offset:2096
# Coarse rollover:4095
# Threshold: [80, 170, 1]
# Channel:12
#thr	hits	freq	window	error
-94	0	0	1999	0
-92	0	0	1999	0
-90	0	0	1999	0
-88	0	0	1999	0
-86	0	0	1999	0
-84	0	0	1999	0
-82	0	0	1999	0
-80	0	0	1999	0
-78	0	0	1999	0
-76	0	0	1999	0
-74	0	0	1999	0
-72	0	0	1999	0
-70	0	0	1999	0
-68	0	0	1999	0
-66	0	0	1999	0
-64	0	0	1999	0
-62	0	0	1999	0
-60	0	0	1999	0
-58	0	0	1999	0
-56	0	0	1999	0
-54	0	0	1999	0
-52	0	0	1999	0
-50	0	0	1999	0
-48	0	0	1999	0
-46	0	0	1999	0
-44	0	0	1999	0
-42	0	0	1999	0
-40	19	190	1999	43.589
-38	0	0	1999	0
-36	0	0	1999	0
-34	12	120	1999	34.641
-32	0	0	1999	0
-30	12	120	1999	34.641
-28	58	580	1999	76.1577
-26	282	2820	1999	167.929
-24	1596	15960	1999	399.5
-22	5902	59020	1999	768.245
-20	22172	221720	1999	1489.03
-18	69405	694050	1999	2634.48
-16	17893	1.7893e+06	199	13376.5
-14	44602	4.4602e+06	199	21119.2
-12	94433	9.4433e+06	199	30730
-10	131928	1.31928e+07	199	36321.9
-8	132924	1.32924e+07	199	36458.7
-6	132586	1.32586e+07	199	36412.4
-4	132535	1.32535e+07	199	36405.4
-2	132496	1.32496e+07	199	36400
0	132340	1.3234e+07	199	36378.6
2	132426	1.32426e+07	199	36390.4
4	132407	1.32407e+07	199	36387.8
6	132744	1.32744e+07	199	36434.1
8	123623	1.23623e+07	199	35160.1
10	15879	1.5879e+06	199	12601.2
12	24323	243230	1999	1559.58
14	4788	47880	1999	691.954
16	990	9900	1999	314.643
18	337	3370	1999	183.576
20	36	360	1999	60
22	0	0	1999	0
24	12	120	1999	34.641
26	0	0	1999	0
28	0	0	1999	0
30	0	0	1999	0
32	0	0	1999	0
34	0	0	1999	0
36	0	0	1999	0
38	0	0	1999	0
40	0	0	1999	0
42	0	0	1999	0
44	0	0	1999	0
46	0	0	1999	0
48	0	0	1999	0
50	0	0	1999	0
52	0	0	1999	0
54	0	0	1999	0
56	0	0	1999	0
58	0	0	1999	0
60	0	0	1999	0
62	0	0	1999	0
64	0	0	1999	0
66	0	0	1999	0
68	0	0	1999	0
70	0	0	1999	0
72	0	0	1999	0
74	0	0	1999	0
76	0	0	1999	0
78	0	0	1999	0
80	0	0	1999	0
82	0	0	1999	0
84	0	0	1999	0
