# Number of sweeps:2000
# Fast sweep mode
# Match window:1999
# Search window:2007
# Reject offset:2088
# Bunch offset:2096
# Coarse rollover:4095
# Threshold: [80, 170, 1]
# Channel:13
#thr	hits	freq	window	error
-94	0	0	1999	0
-92	0	0	1999	0
-90	0	0	1999	0
-88	0	0	1999	0
-86	0	0	1999	0
-84	0	0	1999	0
-82	0	0	1999	0
-80	0	0	1999	0
-78	0	0	1999	0
-76	0	0	1999	0
-74	0	0	1999	0
-72	0	0	1999	0
-70	0	0	1999	0
-68	12	120	1999	34.641
-66	0	0	1999	0
-64	12	120	1999	34.641
-62	0	0	1999	0
-60	0	0	1999	0
-58	0	0	1999	0
-56	0	0	1999	0
-54	0	0	1999	0
-52	0	0	1999	0
-50	0	0	1999	0
-48	0	0	1999	0
-46	0	0	1999	0
-44	0	0	1999	0
-42	0	0	1999	0
-40	0	0	1999	0
-38	0	0	1999	0
-36	0	0	1999	0
-34	0	0	1999	0
-32	0	0	1999	0
-30	0	0	1999	0
-28	24	240	1999	48.9898
-26	132	1320	1999	114.891
-24	454	4540	1999	213.073
-22	1855	18550	1999	430.697
-20	8263	82630	1999	909.01
-18	33855	338550	1999	1839.97
-16	110321	1.10321e+06	1999	3321.46
-14	29946	2.9946e+06	199	17304.9
-12	76878	7.6878e+06	199	27726.9
-10	128396	1.28396e+07	199	35832.4
-8	133048	1.33048e+07	199	36475.7
-6	132580	1.3258e+07	199	36411.5
-4	132559	1.32559e+07	199	36408.7
-2	132510	1.3251e+07	199	36401.9
0	132417	1.32417e+07	199	36389.1
2	132445	1.32445e+07	199	36393
4	132406	1.32406e+07	199	36387.6
6	132608	1.32608e+07	199	36415.4
8	127026	1.27026e+07	199	35640.7
10	28853	2.8853e+06	199	16986.2
12	69734	697340	1999	2640.72
14	18208	182080	1999	1349.37
16	4618	46180	1999	679.559
18	947	9470	1999	307.734
20	222	2220	1999	148.997
22	60	600	1999	77.4597
24	12	120	1999	34.641
26	0	0	1999	0
28	0	0	1999	0
30	0	0	1999	0
32	0	0	1999	0
34	0	0	1999	0
36	0	0	1999	0
38	0	0	1999	0
40	0	0	1999	0
42	0	0	1999	0
44	0	0	1999	0
46	0	0	1999	0
48	0	0	1999	0
50	0	0	1999	0
52	0	0	1999	0
54	0	0	1999	0
56	0	0	1999	0
58	0	0	1999	0
60	0	0	1999	0
62	0	0	1999	0
64	0	0	1999	0
66	0	0	1999	0
68	0	0	1999	0
70	0	0	1999	0
72	0	0	1999	0
74	0	0	1999	0
76	0	0	1999	0
78	0	0	1999	0
80	0	0	1999	0
82	0	0	1999	0
84	0	0	1999	0
