# Number of sweeps:2000
# Fast sweep mode
# Match window:1999
# Search window:2007
# Reject offset:2088
# Bunch offset:2096
# Coarse rollover:4095
# Threshold: [80, 170, 1]
# Channel:9
#thr	hits	freq	window	error
-94	0	0	1999	0
-92	0	0	1999	0
-90	0	0	1999	0
-88	0	0	1999	0
-86	0	0	1999	0
-84	0	0	1999	0
-82	0	0	1999	0
-80	0	0	1999	0
-78	0	0	1999	0
-76	0	0	1999	0
-74	0	0	1999	0
-72	0	0	1999	0
-70	0	0	1999	0
-68	0	0	1999	0
-66	0	0	1999	0
-64	0	0	1999	0
-62	0	0	1999	0
-60	0	0	1999	0
-58	0	0	1999	0
-56	0	0	1999	0
-54	0	0	1999	0
-52	0	0	1999	0
-50	0	0	1999	0
-48	0	0	1999	0
-46	0	0	1999	0
-44	0	0	1999	0
-42	0	0	1999	0
-40	0	0	1999	0
-38	0	0	1999	0
-36	0	0	1999	0
-34	0	0	1999	0
-32	48	480	1999	69.282
-30	132	1320	1999	114.891
-28	708	7080	1999	266.083
-26	2444	24440	1999	494.368
-24	8039	80390	1999	896.605
-22	26184	261840	1999	1618.15
-20	66421	664210	1999	2577.23
-18	147099	1.47099e+06	1999	3835.35
-16	29031	2.9031e+06	199	17038.5
-14	53898	5.3898e+06	199	23215.9
-12	94699	9.4699e+06	199	30773.2
-10	130158	1.30158e+07	199	36077.4
-8	133061	1.33061e+07	199	36477.5
-6	132732	1.32732e+07	199	36432.4
-4	132686	1.32686e+07	199	36426.1
-2	132636	1.32636e+07	199	36419.2
0	132521	1.32521e+07	199	36403.4
2	132603	1.32603e+07	199	36414.7
4	132636	1.32636e+07	199	36419.2
6	132823	1.32823e+07	199	36444.9
8	125618	1.25618e+07	199	35442.6
10	23189	2.3189e+06	199	15227.9
12	65301	653010	1999	2555.41
14	20841	208410	1999	1443.64
16	7246	72460	1999	851.234
18	2218	22180	1999	470.956
20	672	6720	1999	259.23
22	184	1840	1999	135.647
24	36	360	1999	60
26	24	240	1999	48.9898
28	0	0	1999	0
30	0	0	1999	0
32	0	0	1999	0
34	0	0	1999	0
36	0	0	1999	0
38	0	0	1999	0
40	0	0	1999	0
42	12	120	1999	34.641
44	0	0	1999	0
46	0	0	1999	0
48	0	0	1999	0
50	0	0	1999	0
52	0	0	1999	0
54	0	0	1999	0
56	0	0	1999	0
58	0	0	1999	0
60	0	0	1999	0
62	0	0	1999	0
64	0	0	1999	0
66	0	0	1999	0
68	0	0	1999	0
70	0	0	1999	0
72	0	0	1999	0
74	0	0	1999	0
76	0	0	1999	0
78	0	0	1999	0
80	0	0	1999	0
82	0	0	1999	0
84	0	0	1999	0
