# Number of sweeps:2000
# Fast sweep mode
# Match window:1999
# Search window:2007
# Reject offset:2088
# Bunch offset:2096
# Coarse rollover:4095
# Threshold: [80, 170, 1]
# Channel:5
#thr	hits	freq	window	error
-94	0	0	1999	0
-92	0	0	1999	0
-90	0	0	1999	0
-88	0	0	1999	0
-86	0	0	1999	0
-84	0	0	1999	0
-82	0	0	1999	0
-80	0	0	1999	0
-78	0	0	1999	0
-76	0	0	1999	0
-74	0	0	1999	0
-72	0	0	1999	0
-70	0	0	1999	0
-68	0	0	1999	0
-66	0	0	1999	0
-64	0	0	1999	0
-62	0	0	1999	0
-60	0	0	1999	0
-58	0	0	1999	0
-56	0	0	1999	0
-54	0	0	1999	0
-52	0	0	1999	0
-50	0	0	1999	0
-48	0	0	1999	0
-46	0	0	1999	0
-44	0	0	1999	0
-42	0	0	1999	0
-40	0	0	1999	0
-38	0	0	1999	0
-36	0	0	1999	0
-34	0	0	1999	0
-32	0	0	1999	0
-30	12	120	1999	34.641
-28	0	0	1999	0
-26	24	240	1999	48.9898
-24	178	1780	1999	133.417
-22	1020	10200	1999	319.374
-20	3930	39300	1999	626.897
-18	16572	165720	1999	1287.32
-16	56540	565400	1999	2377.81
-14	153994	1.53994e+06	1999	3924.21
-12	37659	3.7659e+06	199	19405.9
-10	85995	8.5995e+06	199	29324.9
-8	129250	1.2925e+07	199	35951.4
-6	132993	1.32993e+07	199	36468.2
-4	132580	1.3258e+07	199	36411.5
-2	132494	1.32494e+07	199	36399.7
0	132501	1.32501e+07	199	36400.7
2	132428	1.32428e+07	199	36390.7
4	132510	1.3251e+07	199	36401.9
6	132463	1.32463e+07	199	36395.5
8	132537	1.32537e+07	199	36405.6
10	132761	1.32761e+07	199	36436.4
12	124591	1.24591e+07	199	35297.5
14	36078	3.6078e+06	199	18994.2
16	96675	966750	1999	3109.26
18	25991	259910	1999	1612.17
20	5872	58720	1999	766.29
22	1270	12700	1999	356.371
24	258	2580	1999	160.624
26	96	960	1999	97.9796
28	0	0	1999	0
30	0	0	1999	0
32	0	0	1999	0
34	0	0	1999	0
36	0	0	1999	0
38	0	0	1999	0
40	0	0	1999	0
42	0	0	1999	0
44	0	0	1999	0
46	0	0	1999	0
48	0	0	1999	0
50	0	0	1999	0
52	0	0	1999	0
54	0	0	1999	0
56	0	0	1999	0
58	0	0	1999	0
60	0	0	1999	0
62	0	0	1999	0
64	0	0	1999	0
66	0	0	1999	0
68	0	0	1999	0
70	0	0	1999	0
72	0	0	1999	0
74	0	0	1999	0
76	0	0	1999	0
78	0	0	1999	0
80	0	0	1999	0
82	0	0	1999	0
84	0	0	1999	0
