# Number of sweeps:2000
# Fast sweep mode
# Match window:1999
# Search window:2007
# Reject offset:2088
# Bunch offset:2096
# Coarse rollover:4095
# Threshold: [80, 170, 1]
# Channel:1
#thr	hits	freq	window	error
-94	0	0	1999	0
-92	0	0	1999	0
-90	0	0	1999	0
-88	0	0	1999	0
-86	0	0	1999	0
-84	0	0	1999	0
-82	0	0	1999	0
-80	0	0	1999	0
-78	0	0	1999	0
-76	0	0	1999	0
-74	0	0	1999	0
-72	0	0	1999	0
-70	0	0	1999	0
-68	0	0	1999	0
-66	0	0	1999	0
-64	0	0	1999	0
-62	0	0	1999	0
-60	0	0	1999	0
-58	0	0	1999	0
-56	0	0	1999	0
-54	0	0	1999	0
-52	0	0	1999	0
-50	0	0	1999	0
-48	0	0	1999	0
-46	0	0	1999	0
-44	0	0	1999	0
-42	0	0	1999	0
-40	0	0	1999	0
-38	0	0	1999	0
-36	0	0	1999	0
-34	0	0	1999	0
-32	0	0	1999	0
-30	0	0	1999	0
-28	0	0	1999	0
-26	24	240	1999	48.9898
-24	68	680	1999	82.4621
-22	316	3160	1999	177.764
-20	1218	12180	1999	348.999
-18	5141	51410	1999	717.008
-16	17021	170210	1999	1304.65
-14	54704	547040	1999	2338.89
-12	150158	1.50158e+06	1999	3875.02
-10	36690	3.669e+06	199	19154.6
-8	90323	9.0323e+06	199	30053.8
-6	132484	1.32484e+07	199	36398.4
-4	132670	1.3267e+07	199	36423.9
-2	132604	1.32604e+07	199	36414.8
0	132475	1.32475e+07	199	36397.1
2	132426	1.32426e+07	199	36390.4
4	132377	1.32377e+07	199	36383.7
6	132347	1.32347e+07	199	36379.5
8	132476	1.32476e+07	199	36397.3
10	132643	1.32643e+07	199	36420.2
12	127192	1.27192e+07	199	35664
14	43624	4.3624e+06	199	20886.4
16	149208	1.49208e+06	1999	3862.75
18	54987	549870	1999	2344.93
20	18742	187420	1999	1369.01
22	5774	57740	1999	759.868
24	1607	16070	1999	400.874
26	446	4460	1999	211.187
28	106	1060	1999	102.956
30	0	0	1999	0
32	0	0	1999	0
34	0	0	1999	0
36	0	0	1999	0
38	0	0	1999	0
40	0	0	1999	0
42	0	0	1999	0
44	0	0	1999	0
46	0	0	1999	0
48	0	0	1999	0
50	0	0	1999	0
52	0	0	1999	0
54	0	0	1999	0
56	0	0	1999	0
58	0	0	1999	0
60	0	0	1999	0
62	0	0	1999	0
64	0	0	1999	0
66	0	0	1999	0
68	0	0	1999	0
70	0	0	1999	0
72	0	0	1999	0
74	0	0	1999	0
76	0	0	1999	0
78	0	0	1999	0
80	0	0	1999	0
82	0	0	1999	0
84	0	0	1999	0
