# Number of sweeps:2000
# Fast sweep mode
# Match window:1999
# Search window:2007
# Reject offset:2088
# Bunch offset:2096
# Coarse rollover:4095
# Threshold: [80, 170, 1]
# Channel:21
#thr	hits	freq	window	error
-94	0	0	1999	0
-92	0	0	1999	0
-90	0	0	1999	0
-88	0	0	1999	0
-86	0	0	1999	0
-84	0	0	1999	0
-82	0	0	1999	0
-80	0	0	1999	0
-78	0	0	1999	0
-76	0	0	1999	0
-74	0	0	1999	0
-72	0	0	1999	0
-70	0	0	1999	0
-68	0	0	1999	0
-66	0	0	1999	0
-64	0	0	1999	0
-62	0	0	1999	0
-60	0	0	1999	0
-58	0	0	1999	0
-56	0	0	1999	0
-54	0	0	1999	0
-52	0	0	1999	0
-50	0	0	1999	0
-48	0	0	1999	0
-46	0	0	1999	0
-44	0	0	1999	0
-42	0	0	1999	0
-40	0	0	1999	0
-38	0	0	1999	0
-36	0	0	1999	0
-34	0	0	1999	0
-32	36	360	1999	60
-30	72	720	1999	84.8528
-28	222	2220	1999	148.997
-26	849	8490	1999	291.376
-24	3568	35680	1999	597.327
-22	12328	123280	1999	1110.32
-20	43375	433750	1999	2082.67
-18	119450	1.1945e+06	1999	3456.15
-16	28396	2.8396e+06	199	16851.1
-14	71018	7.1018e+06	199	26649.2
-12	124781	1.24781e+07	199	35324.4
-10	133217	1.33217e+07	199	36498.9
-8	132649	1.32649e+07	199	36421
-6	132429	1.32429e+07	199	36390.8
-4	132382	1.32382e+07	199	36384.3
-2	132366	1.32366e+07	199	36382.1
0	132387	1.32387e+07	199	36385
2	132322	1.32322e+07	199	36376.1
4	132325	1.32325e+07	199	36376.5
6	132703	1.32703e+07	199	36428.4
8	108240	1.0824e+07	199	32899.8
10	15385	1.5385e+06	199	12403.6
12	39856	398560	1999	1996.4
14	9004	90040	1999	948.894
16	2124	21240	1999	460.869
18	699	6990	1999	264.386
20	154	1540	1999	124.097
22	12	120	1999	34.641
24	24	240	1999	48.9898
26	0	0	1999	0
28	0	0	1999	0
30	0	0	1999	0
32	0	0	1999	0
34	0	0	1999	0
36	0	0	1999	0
38	0	0	1999	0
40	0	0	1999	0
42	0	0	1999	0
44	0	0	1999	0
46	0	0	1999	0
48	0	0	1999	0
50	0	0	1999	0
52	0	0	1999	0
54	0	0	1999	0
56	0	0	1999	0
58	0	0	1999	0
60	0	0	1999	0
62	0	0	1999	0
64	0	0	1999	0
66	0	0	1999	0
68	0	0	1999	0
70	0	0	1999	0
72	0	0	1999	0
74	0	0	1999	0
76	0	0	1999	0
78	0	0	1999	0
80	0	0	1999	0
82	0	0	1999	0
84	0	0	1999	0
