# Number of sweeps:2000
# Fast sweep mode
# Match window:1999
# Search window:2007
# Reject offset:2088
# Bunch offset:2096
# Coarse rollover:4095
# Threshold: [80, 170, 1]
# Channel:15
#thr	hits	freq	window	error
-94	0	0	1999	0
-92	0	0	1999	0
-90	0	0	1999	0
-88	0	0	1999	0
-86	0	0	1999	0
-84	0	0	1999	0
-82	0	0	1999	0
-80	0	0	1999	0
-78	0	0	1999	0
-76	0	0	1999	0
-74	0	0	1999	0
-72	0	0	1999	0
-70	0	0	1999	0
-68	0	0	1999	0
-66	0	0	1999	0
-64	0	0	1999	0
-62	0	0	1999	0
-60	0	0	1999	0
-58	0	0	1999	0
-56	0	0	1999	0
-54	0	0	1999	0
-52	0	0	1999	0
-50	0	0	1999	0
-48	0	0	1999	0
-46	0	0	1999	0
-44	0	0	1999	0
-42	0	0	1999	0
-40	0	0	1999	0
-38	0	0	1999	0
-36	0	0	1999	0
-34	0	0	1999	0
-32	0	0	1999	0
-30	0	0	1999	0
-28	0	0	1999	0
-26	0	0	1999	0
-24	0	0	1999	0
-22	24	240	1999	48.9898
-20	62	620	1999	78.7401
-18	894	8940	1999	298.998
-16	7442	74420	1999	862.67
-14	47908	479080	1999	2188.79
-12	21028	2.1028e+06	199	14501
-10	81394	8.1394e+06	199	28529.6
-8	132120	1.3212e+07	199	36348.3
-6	132643	1.32643e+07	199	36420.2
-4	132584	1.32584e+07	199	36412.1
-2	132559	1.32559e+07	199	36408.7
0	132544	1.32544e+07	199	36406.6
2	132362	1.32362e+07	199	36381.6
4	132492	1.32492e+07	199	36399.5
6	132616	1.32616e+07	199	36416.5
8	128845	1.28845e+07	199	35895
10	37775	3.7775e+06	199	19435.8
12	103937	1.03937e+06	1999	3223.93
14	27366	273660	1999	1654.27
16	5706	57060	1999	755.381
18	1221	12210	1999	349.428
20	229	2290	1999	151.327
22	94	940	1999	96.9536
24	0	0	1999	0
26	0	0	1999	0
28	0	0	1999	0
30	0	0	1999	0
32	0	0	1999	0
34	0	0	1999	0
36	0	0	1999	0
38	0	0	1999	0
40	0	0	1999	0
42	0	0	1999	0
44	0	0	1999	0
46	0	0	1999	0
48	0	0	1999	0
50	0	0	1999	0
52	0	0	1999	0
54	0	0	1999	0
56	0	0	1999	0
58	0	0	1999	0
60	0	0	1999	0
62	0	0	1999	0
64	0	0	1999	0
66	0	0	1999	0
68	0	0	1999	0
70	0	0	1999	0
72	0	0	1999	0
74	0	0	1999	0
76	0	0	1999	0
78	0	0	1999	0
80	0	0	1999	0
82	0	0	1999	0
84	0	0	1999	0
