# Number of sweeps:2000
# Fast sweep mode
# Match window:1999
# Search window:2007
# Reject offset:2088
# Bunch offset:2096
# Coarse rollover:4095
# Threshold: [80, 170, 1]
# Channel:22
#thr	hits	freq	window	error
-94	0	0	1999	0
-92	0	0	1999	0
-90	0	0	1999	0
-88	0	0	1999	0
-86	0	0	1999	0
-84	0	0	1999	0
-82	0	0	1999	0
-80	0	0	1999	0
-78	0	0	1999	0
-76	0	0	1999	0
-74	0	0	1999	0
-72	0	0	1999	0
-70	0	0	1999	0
-68	0	0	1999	0
-66	0	0	1999	0
-64	0	0	1999	0
-62	0	0	1999	0
-60	0	0	1999	0
-58	0	0	1999	0
-56	0	0	1999	0
-54	0	0	1999	0
-52	0	0	1999	0
-50	0	0	1999	0
-48	0	0	1999	0
-46	0	0	1999	0
-44	0	0	1999	0
-42	0	0	1999	0
-40	0	0	1999	0
-38	0	0	1999	0
-36	36	360	1999	60
-34	130	1300	1999	114.018
-32	503	5030	1999	224.277
-30	2812	28120	1999	530.283
-28	10325	103250	1999	1016.12
-26	32390	323900	1999	1799.72
-24	82516	825160	1999	2872.56
-22	17157	1.7157e+06	199	13098.5
-20	37043	3.7043e+06	199	19246.6
-18	71845	7.1845e+06	199	26803.9
-16	118649	1.18649e+07	199	34445.5
-14	133207	1.33207e+07	199	36497.5
-12	133276	1.33276e+07	199	36507
-10	133174	1.33174e+07	199	36493
-8	132645	1.32645e+07	199	36420.5
-6	132493	1.32493e+07	199	36399.6
-4	132412	1.32412e+07	199	36388.5
-2	132404	1.32404e+07	199	36387.4
0	132303	1.32303e+07	199	36373.5
2	132340	1.3234e+07	199	36378.6
4	132371	1.32371e+07	199	36382.8
6	132901	1.32901e+07	199	36455.6
8	93116	9.3116e+06	199	30514.9
10	24924	249240	1999	1578.73
12	1769	17690	1999	420.595
14	263	2630	1999	162.173
16	76	760	1999	87.178
18	0	0	1999	0
20	0	0	1999	0
22	0	0	1999	0
24	0	0	1999	0
26	0	0	1999	0
28	0	0	1999	0
30	0	0	1999	0
32	0	0	1999	0
34	0	0	1999	0
36	0	0	1999	0
38	0	0	1999	0
40	0	0	1999	0
42	0	0	1999	0
44	0	0	1999	0
46	0	0	1999	0
48	0	0	1999	0
50	0	0	1999	0
52	0	0	1999	0
54	0	0	1999	0
56	0	0	1999	0
58	0	0	1999	0
60	0	0	1999	0
62	0	0	1999	0
64	0	0	1999	0
66	0	0	1999	0
68	0	0	1999	0
70	0	0	1999	0
72	0	0	1999	0
74	0	0	1999	0
76	0	0	1999	0
78	0	0	1999	0
80	0	0	1999	0
82	0	0	1999	0
84	0	0	1999	0
