# Number of sweeps:2000
# Fast sweep mode
# Match window:1999
# Search window:2007
# Reject offset:2088
# Bunch offset:2096
# Coarse rollover:4095
# Threshold: [80, 170, 1]
# Channel:3
#thr	hits	freq	window	error
-94	0	0	1999	0
-92	0	0	1999	0
-90	0	0	1999	0
-88	0	0	1999	0
-86	0	0	1999	0
-84	0	0	1999	0
-82	0	0	1999	0
-80	0	0	1999	0
-78	0	0	1999	0
-76	0	0	1999	0
-74	0	0	1999	0
-72	0	0	1999	0
-70	0	0	1999	0
-68	0	0	1999	0
-66	0	0	1999	0
-64	0	0	1999	0
-62	0	0	1999	0
-60	0	0	1999	0
-58	0	0	1999	0
-56	0	0	1999	0
-54	0	0	1999	0
-52	0	0	1999	0
-50	0	0	1999	0
-48	0	0	1999	0
-46	0	0	1999	0
-44	0	0	1999	0
-42	0	0	1999	0
-40	0	0	1999	0
-38	0	0	1999	0
-36	0	0	1999	0
-34	0	0	1999	0
-32	0	0	1999	0
-30	0	0	1999	0
-28	0	0	1999	0
-26	24	240	1999	48.9898
-24	90	900	1999	94.8683
-22	443	4430	1999	210.476
-20	1832	18320	1999	428.019
-18	7695	76950	1999	877.211
-16	30822	308220	1999	1755.62
-14	97616	976160	1999	3124.36
-12	24900	2.49e+06	199	15779.7
-10	62412	6.2412e+06	199	24982.4
-8	119778	1.19778e+07	199	34609
-6	133169	1.33169e+07	199	36492.3
-4	132627	1.32627e+07	199	36418
-2	132488	1.32488e+07	199	36398.9
0	132551	1.32551e+07	199	36407.6
2	132514	1.32514e+07	199	36402.5
4	132505	1.32505e+07	199	36401.2
6	132477	1.32477e+07	199	36397.4
8	132566	1.32566e+07	199	36409.6
10	132689	1.32689e+07	199	36426.5
12	124448	1.24448e+07	199	35277.2
14	33929	3.3929e+06	199	18419.8
16	90613	906130	1999	3010.2
18	24314	243140	1999	1559.29
20	5393	53930	1999	734.37
22	1327	13270	1999	364.28
24	151	1510	1999	122.882
26	24	240	1999	48.9898
28	24	240	1999	48.9898
30	0	0	1999	0
32	0	0	1999	0
34	0	0	1999	0
36	0	0	1999	0
38	0	0	1999	0
40	0	0	1999	0
42	0	0	1999	0
44	0	0	1999	0
46	0	0	1999	0
48	0	0	1999	0
50	0	0	1999	0
52	0	0	1999	0
54	0	0	1999	0
56	0	0	1999	0
58	0	0	1999	0
60	0	0	1999	0
62	0	0	1999	0
64	0	0	1999	0
66	0	0	1999	0
68	0	0	1999	0
70	0	0	1999	0
72	0	0	1999	0
74	0	0	1999	0
76	0	0	1999	0
78	0	0	1999	0
80	0	0	1999	0
82	0	0	1999	0
84	0	0	1999	0
