# Number of sweeps:2000
# Fast sweep mode
# Match window:31
# Search window:39
# Reject offset:3424
# Bunch offset:3464
# Coarse rollover:3563
# Threshold: [80, 170, 1]
# Channel:0
#thr	hits	freq	window	error
-94	0	0	1999	0
-92	0	0	1999	0
-90	0	0	1999	0
-88	0	0	1999	0
-86	0	0	1999	0
-84	0	0	1999	0
-82	0	0	1999	0
-80	0	0	1999	0
-78	0	0	1999	0
-76	0	0	1999	0
-74	0	0	1999	0
-72	0	0	1999	0
-70	0	0	1999	0
-68	0	0	1999	0
-66	0	0	1999	0
-64	0	0	1999	0
-62	0	0	1999	0
-60	0	0	1999	0
-58	0	0	1999	0
-56	0	0	1999	0
-54	0	0	1999	0
-52	0	0	1999	0
-50	0	0	1999	0
-48	0	0	1999	0
-46	0	0	1999	0
-44	0	0	1999	0
-42	0	0	1999	0
-40	0	0	1999	0
-38	0	0	1999	0
-36	0	0	1999	0
-34	0	0	1999	0
-32	0	0	1999	0
-30	0	0	1999	0
-28	24	240	1999	48.9898
-26	153	1530	1999	123.693
-24	332	3320	1999	182.209
-22	1326	13260	1999	364.143
-20	5197	51970	1999	720.902
-18	15605	156050	1999	1249.2
-16	42550	425500	1999	2062.77
-14	100504	1.00504e+06	1999	3170.24
-12	19778	1.9778e+06	199	14063.4
-10	41622	4.1622e+06	199	20401.5
-8	84965	8.4965e+06	199	29148.8
-6	131253	1.31253e+07	199	36228.9
-4	132929	1.32929e+07	199	36459.4
-2	132695	1.32695e+07	199	36427.3
0	132585	1.32585e+07	199	36412.2
2	132431	1.32431e+07	199	36391.1
4	132511	1.32511e+07	199	36402.1
6	132500	1.325e+07	199	36400.5
8	132586	1.32586e+07	199	36412.4
10	132920	1.3292e+07	199	36458.2
12	124780	1.2478e+07	199	35324.2
14	39363	3.9363e+06	199	19840.1
16	16016	1.6016e+06	199	12655.4
18	74072	740720	1999	2721.62
20	31670	316700	1999	1779.61
22	11290	112900	1999	1062.54
24	3208	32080	1999	566.392
26	1186	11860	1999	344.384
28	314	3140	1999	177.2
30	132	1320	1999	114.891
32	12	120	1999	34.641
34	0	0	1999	0
36	0	0	1999	0
38	0	0	1999	0
40	0	0	1999	0
42	0	0	1999	0
44	0	0	1999	0
46	0	0	1999	0
48	0	0	1999	0
50	0	0	1999	0
52	0	0	1999	0
54	0	0	1999	0
56	0	0	1999	0
58	0	0	1999	0
60	0	0	1999	0
62	0	0	1999	0
64	0	0	1999	0
66	0	0	1999	0
68	0	0	1999	0
70	0	0	1999	0
72	0	0	1999	0
74	0	0	1999	0
76	0	0	1999	0
78	0	0	1999	0
80	0	0	1999	0
82	0	0	1999	0
84	0	0	1999	0
