# Number of sweeps:2000
# Fast sweep mode
# Match window:1999
# Search window:2007
# Reject offset:2088
# Bunch offset:2096
# Coarse rollover:4095
# Threshold: [80, 170, 1]
# Channel:4
#thr	hits	freq	window	error
-94	0	0	1999	0
-92	0	0	1999	0
-90	0	0	1999	0
-88	0	0	1999	0
-86	0	0	1999	0
-84	0	0	1999	0
-82	0	0	1999	0
-80	0	0	1999	0
-78	0	0	1999	0
-76	0	0	1999	0
-74	0	0	1999	0
-72	0	0	1999	0
-70	0	0	1999	0
-68	0	0	1999	0
-66	0	0	1999	0
-64	0	0	1999	0
-62	0	0	1999	0
-60	0	0	1999	0
-58	0	0	1999	0
-56	0	0	1999	0
-54	0	0	1999	0
-52	0	0	1999	0
-50	0	0	1999	0
-48	0	0	1999	0
-46	0	0	1999	0
-44	0	0	1999	0
-42	0	0	1999	0
-40	0	0	1999	0
-38	24	240	1999	48.9898
-36	0	0	1999	0
-34	0	0	1999	0
-32	0	0	1999	0
-30	12	120	1999	34.641
-28	142	1420	1999	119.164
-26	641	6410	1999	253.18
-24	2326	23260	1999	482.286
-22	8063	80630	1999	897.942
-20	27553	275530	1999	1659.91
-18	74714	747140	1999	2733.39
-16	16720	1.672e+06	199	12930.6
-14	37094	3.7094e+06	199	19259.8
-12	74120	7.412e+06	199	27225
-10	120253	1.20253e+07	199	34677.5
-8	133116	1.33116e+07	199	36485.1
-6	132963	1.32963e+07	199	36464.1
-4	132562	1.32562e+07	199	36409.1
-2	132460	1.3246e+07	199	36395.1
0	132535	1.32535e+07	199	36405.4
2	132407	1.32407e+07	199	36387.8
4	132506	1.32506e+07	199	36401.4
6	132528	1.32528e+07	199	36404.4
8	132579	1.32579e+07	199	36411.4
10	132960	1.3296e+07	199	36463.7
12	119080	1.1908e+07	199	34508
14	18230	1.823e+06	199	13501.9
16	30055	300550	1999	1733.64
18	5371	53710	1999	732.871
20	1067	10670	1999	326.65
22	261	2610	1999	161.555
24	48	480	1999	69.282
26	12	120	1999	34.641
28	0	0	1999	0
30	0	0	1999	0
32	0	0	1999	0
34	0	0	1999	0
36	0	0	1999	0
38	0	0	1999	0
40	0	0	1999	0
42	0	0	1999	0
44	0	0	1999	0
46	0	0	1999	0
48	0	0	1999	0
50	0	0	1999	0
52	0	0	1999	0
54	0	0	1999	0
56	0	0	1999	0
58	0	0	1999	0
60	0	0	1999	0
62	0	0	1999	0
64	0	0	1999	0
66	0	0	1999	0
68	0	0	1999	0
70	0	0	1999	0
72	0	0	1999	0
74	0	0	1999	0
76	0	0	1999	0
78	0	0	1999	0
80	0	0	1999	0
82	0	0	1999	0
84	0	0	1999	0
