# Number of sweeps:2000
# Fast sweep mode
# Match window:1999
# Search window:2007
# Reject offset:2088
# Bunch offset:2096
# Coarse rollover:4095
# Threshold: [80, 170, 1]
# Channel:11
#thr	hits	freq	window	error
-94	0	0	1999	0
-92	0	0	1999	0
-90	0	0	1999	0
-88	0	0	1999	0
-86	0	0	1999	0
-84	0	0	1999	0
-82	0	0	1999	0
-80	0	0	1999	0
-78	0	0	1999	0
-76	0	0	1999	0
-74	0	0	1999	0
-72	0	0	1999	0
-70	0	0	1999	0
-68	0	0	1999	0
-66	0	0	1999	0
-64	0	0	1999	0
-62	0	0	1999	0
-60	0	0	1999	0
-58	0	0	1999	0
-56	0	0	1999	0
-54	0	0	1999	0
-52	0	0	1999	0
-50	0	0	1999	0
-48	0	0	1999	0
-46	0	0	1999	0
-44	0	0	1999	0
-42	0	0	1999	0
-40	0	0	1999	0
-38	0	0	1999	0
-36	0	0	1999	0
-34	0	0	1999	0
-32	0	0	1999	0
-30	0	0	1999	0
-28	0	0	1999	0
-26	0	0	1999	0
-24	12	120	1999	34.641
-22	128	1280	1999	113.137
-20	288	2880	1999	169.706
-18	1210	12100	1999	347.851
-16	7298	72980	1999	854.283
-14	38671	386710	1999	1966.49
-12	155870	1.5587e+06	1999	3948.04
-10	60894	6.0894e+06	199	24676.7
-8	129683	1.29683e+07	199	36011.5
-6	132862	1.32862e+07	199	36450.2
-4	132607	1.32607e+07	199	36415.2
-2	132536	1.32536e+07	199	36405.5
0	132557	1.32557e+07	199	36408.4
2	132487	1.32487e+07	199	36398.8
4	132458	1.32458e+07	199	36394.8
6	132524	1.32524e+07	199	36403.8
8	132790	1.3279e+07	199	36440.4
10	132992	1.32992e+07	199	36468.1
12	118889	1.18889e+07	199	34480.3
14	81862	8.1862e+06	199	28611.5
16	51708	5.1708e+06	199	22739.4
18	29894	2.9894e+06	199	17289.9
20	162622	1.62622e+06	1999	4032.64
22	79778	797780	1999	2824.5
24	34327	343270	1999	1852.75
26	13260	132600	1999	1151.52
28	3898	38980	1999	624.34
30	1471	14710	1999	383.536
32	424	4240	1999	205.913
34	96	960	1999	97.9796
36	36	360	1999	60
38	24	240	1999	48.9898
40	12	120	1999	34.641
42	0	0	1999	0
44	0	0	1999	0
46	0	0	1999	0
48	0	0	1999	0
50	0	0	1999	0
52	12	120	1999	34.641
54	0	0	1999	0
56	0	0	1999	0
58	0	0	1999	0
60	0	0	1999	0
62	0	0	1999	0
64	0	0	1999	0
66	0	0	1999	0
68	0	0	1999	0
70	0	0	1999	0
72	0	0	1999	0
74	0	0	1999	0
76	0	0	1999	0
78	0	0	1999	0
80	0	0	1999	0
82	0	0	1999	0
84	0	0	1999	0
