# Number of sweeps:2000
# Fast sweep mode
# Match window:1999
# Search window:2007
# Reject offset:2088
# Bunch offset:2096
# Coarse rollover:4095
# Threshold: [80, 170, 1]
# Channel:10
#thr	hits	freq	window	error
-94	0	0	1999	0
-92	0	0	1999	0
-90	0	0	1999	0
-88	0	0	1999	0
-86	0	0	1999	0
-84	0	0	1999	0
-82	0	0	1999	0
-80	0	0	1999	0
-78	0	0	1999	0
-76	0	0	1999	0
-74	0	0	1999	0
-72	0	0	1999	0
-70	0	0	1999	0
-68	0	0	1999	0
-66	0	0	1999	0
-64	0	0	1999	0
-62	0	0	1999	0
-60	0	0	1999	0
-58	0	0	1999	0
-56	0	0	1999	0
-54	0	0	1999	0
-52	0	0	1999	0
-50	0	0	1999	0
-48	0	0	1999	0
-46	0	0	1999	0
-44	0	0	1999	0
-42	0	0	1999	0
-40	0	0	1999	0
-38	0	0	1999	0
-36	0	0	1999	0
-34	0	0	1999	0
-32	0	0	1999	0
-30	12	120	1999	34.641
-28	108	1080	1999	103.923
-26	492	4920	1999	221.811
-24	1653	16530	1999	406.571
-22	6302	63020	1999	793.851
-20	21020	210200	1999	1449.83
-18	62272	622720	1999	2495.44
-16	160883	1.60883e+06	1999	4011.02
-14	34103	3.4103e+06	199	18467
-12	73947	7.3947e+06	199	27193.2
-10	125581	1.25581e+07	199	35437.4
-8	133156	1.33156e+07	199	36490.5
-6	132629	1.32629e+07	199	36418.3
-4	132575	1.32575e+07	199	36410.9
-2	132554	1.32554e+07	199	36408
0	132360	1.3236e+07	199	36381.3
2	132388	1.32388e+07	199	36385.2
4	132524	1.32524e+07	199	36403.8
6	132664	1.32664e+07	199	36423.1
8	127061	1.27061e+07	199	35645.6
10	28473	2.8473e+06	199	16873.9
12	80585	805850	1999	2838.75
14	27112	271120	1999	1646.57
16	7966	79660	1999	892.525
18	2041	20410	1999	451.774
20	488	4880	1999	220.907
22	172	1720	1999	131.149
24	0	0	1999	0
26	24	240	1999	48.9898
28	0	0	1999	0
30	0	0	1999	0
32	0	0	1999	0
34	0	0	1999	0
36	0	0	1999	0
38	0	0	1999	0
40	0	0	1999	0
42	0	0	1999	0
44	0	0	1999	0
46	0	0	1999	0
48	0	0	1999	0
50	0	0	1999	0
52	0	0	1999	0
54	0	0	1999	0
56	0	0	1999	0
58	0	0	1999	0
60	0	0	1999	0
62	0	0	1999	0
64	0	0	1999	0
66	0	0	1999	0
68	0	0	1999	0
70	0	0	1999	0
72	0	0	1999	0
74	0	0	1999	0
76	0	0	1999	0
78	0	0	1999	0
80	0	0	1999	0
82	0	0	1999	0
84	0	0	1999	0
