# Number of sweeps:2000
# Fast sweep mode
# Match window:1999
# Search window:2007
# Reject offset:2088
# Bunch offset:2096
# Coarse rollover:4095
# Threshold: [80, 170, 1]
# Channel:16
#thr	hits	freq	window	error
-94	0	0	1999	0
-92	0	0	1999	0
-90	0	0	1999	0
-88	0	0	1999	0
-86	0	0	1999	0
-84	0	0	1999	0
-82	0	0	1999	0
-80	0	0	1999	0
-78	0	0	1999	0
-76	0	0	1999	0
-74	0	0	1999	0
-72	0	0	1999	0
-70	0	0	1999	0
-68	0	0	1999	0
-66	0	0	1999	0
-64	0	0	1999	0
-62	0	0	1999	0
-60	0	0	1999	0
-58	0	0	1999	0
-56	0	0	1999	0
-54	0	0	1999	0
-52	0	0	1999	0
-50	0	0	1999	0
-48	0	0	1999	0
-46	0	0	1999	0
-44	0	0	1999	0
-42	0	0	1999	0
-40	0	0	1999	0
-38	0	0	1999	0
-36	0	0	1999	0
-34	0	0	1999	0
-32	0	0	1999	0
-30	12	120	1999	34.641
-28	0	0	1999	0
-26	80	800	1999	89.4427
-24	380	3800	1999	194.936
-22	1268	12680	1999	356.09
-20	5686	56860	1999	754.056
-18	21272	212720	1999	1458.49
-16	68224	682240	1999	2611.97
-14	18764	1.8764e+06	199	13698.2
-12	52244	5.2244e+06	199	22856.9
-10	118401	1.18401e+07	199	34409.4
-8	133114	1.33114e+07	199	36484.8
-6	132674	1.32674e+07	199	36424.4
-4	132493	1.32493e+07	199	36399.6
-2	132444	1.32444e+07	199	36392.9
0	132329	1.32329e+07	199	36377.1
2	132394	1.32394e+07	199	36386
4	132613	1.32613e+07	199	36416.1
6	133011	1.33011e+07	199	36470.7
8	98636	9.8636e+06	199	31406.4
10	81996	819960	1999	2863.49
12	20573	205730	1999	1434.33
14	5320	53200	1999	729.383
16	982	9820	1999	313.369
18	197	1970	1999	140.357
20	60	600	1999	77.4597
22	12	120	1999	34.641
24	0	0	1999	0
26	0	0	1999	0
28	0	0	1999	0
30	0	0	1999	0
32	0	0	1999	0
34	0	0	1999	0
36	0	0	1999	0
38	0	0	1999	0
40	0	0	1999	0
42	0	0	1999	0
44	0	0	1999	0
46	0	0	1999	0
48	0	0	1999	0
50	0	0	1999	0
52	0	0	1999	0
54	0	0	1999	0
56	0	0	1999	0
58	0	0	1999	0
60	0	0	1999	0
62	0	0	1999	0
64	0	0	1999	0
66	0	0	1999	0
68	0	0	1999	0
70	0	0	1999	0
72	0	0	1999	0
74	0	0	1999	0
76	0	0	1999	0
78	0	0	1999	0
80	0	0	1999	0
82	0	0	1999	0
84	0	0	1999	0
