# Number of sweeps:2000
# Fast sweep mode
# Match window:1999
# Search window:2007
# Reject offset:2088
# Bunch offset:2096
# Coarse rollover:4095
# Threshold: [80, 170, 1]
# Channel:19
#thr	hits	freq	window	error
-94	0	0	1999	0
-92	0	0	1999	0
-90	0	0	1999	0
-88	0	0	1999	0
-86	0	0	1999	0
-84	0	0	1999	0
-82	0	0	1999	0
-80	0	0	1999	0
-78	0	0	1999	0
-76	0	0	1999	0
-74	0	0	1999	0
-72	0	0	1999	0
-70	0	0	1999	0
-68	0	0	1999	0
-66	0	0	1999	0
-64	0	0	1999	0
-62	0	0	1999	0
-60	0	0	1999	0
-58	0	0	1999	0
-56	0	0	1999	0
-54	0	0	1999	0
-52	0	0	1999	0
-50	0	0	1999	0
-48	0	0	1999	0
-46	0	0	1999	0
-44	0	0	1999	0
-42	0	0	1999	0
-40	0	0	1999	0
-38	0	0	1999	0
-36	0	0	1999	0
-34	12	120	1999	34.641
-32	24	240	1999	48.9898
-30	60	600	1999	77.4597
-28	188	1880	1999	137.113
-26	754	7540	1999	274.591
-24	2514	25140	1999	501.398
-22	10823	108230	1999	1040.34
-20	33745	337450	1999	1836.98
-18	92456	924560	1999	3040.66
-16	21850	2.185e+06	199	14781.7
-14	55919	5.5919e+06	199	23647.2
-12	113623	1.13623e+07	199	33708
-10	133078	1.33078e+07	199	36479.9
-8	132659	1.32659e+07	199	36422.4
-6	132464	1.32464e+07	199	36395.6
-4	132439	1.32439e+07	199	36392.2
-2	132350	1.3235e+07	199	36379.9
0	132329	1.32329e+07	199	36377.1
2	132364	1.32364e+07	199	36381.9
4	132409	1.32409e+07	199	36388
6	132751	1.32751e+07	199	36435
8	107100	1.071e+07	199	32726.1
10	16582	1.6582e+06	199	12877.1
12	47441	474410	1999	2178.1
14	12113	121130	1999	1100.59
16	2710	27100	1999	520.577
18	1058	10580	1999	325.269
20	224	2240	1999	149.666
22	36	360	1999	60
24	24	240	1999	48.9898
26	0	0	1999	0
28	0	0	1999	0
30	0	0	1999	0
32	0	0	1999	0
34	0	0	1999	0
36	0	0	1999	0
38	0	0	1999	0
40	0	0	1999	0
42	0	0	1999	0
44	0	0	1999	0
46	0	0	1999	0
48	0	0	1999	0
50	0	0	1999	0
52	0	0	1999	0
54	0	0	1999	0
56	0	0	1999	0
58	0	0	1999	0
60	0	0	1999	0
62	0	0	1999	0
64	0	0	1999	0
66	0	0	1999	0
68	0	0	1999	0
70	0	0	1999	0
72	0	0	1999	0
74	0	0	1999	0
76	0	0	1999	0
78	0	0	1999	0
80	0	0	1999	0
82	0	0	1999	0
84	0	0	1999	0
