# Number of sweeps:2000
# Fast sweep mode
# Match window:1999
# Search window:2007
# Reject offset:2088
# Bunch offset:2096
# Coarse rollover:4095
# Threshold: [80, 170, 1]
# Channel:8
#thr	hits	freq	window	error
-94	0	0	1999	0
-92	0	0	1999	0
-90	0	0	1999	0
-88	0	0	1999	0
-86	0	0	1999	0
-84	0	0	1999	0
-82	0	0	1999	0
-80	0	0	1999	0
-78	0	0	1999	0
-76	0	0	1999	0
-74	0	0	1999	0
-72	0	0	1999	0
-70	0	0	1999	0
-68	0	0	1999	0
-66	0	0	1999	0
-64	0	0	1999	0
-62	0	0	1999	0
-60	0	0	1999	0
-58	0	0	1999	0
-56	0	0	1999	0
-54	0	0	1999	0
-52	0	0	1999	0
-50	0	0	1999	0
-48	0	0	1999	0
-46	0	0	1999	0
-44	0	0	1999	0
-42	0	0	1999	0
-40	0	0	1999	0
-38	0	0	1999	0
-36	0	0	1999	0
-34	0	0	1999	0
-32	0	0	1999	0
-30	20	200	1999	44.7214
-28	24	240	1999	48.9898
-26	269	2690	1999	164.012
-24	615	6150	1999	247.992
-22	2860	28600	1999	534.79
-20	10164	101640	1999	1008.17
-18	32157	321570	1999	1793.24
-16	83708	837080	1999	2893.23
-14	17780	1.778e+06	199	13334.2
-12	39700	3.97e+06	199	19924.9
-10	86919	8.6919e+06	199	29482
-8	131499	1.31499e+07	199	36262.8
-6	132970	1.3297e+07	199	36465.1
-4	132794	1.32794e+07	199	36440.9
-2	132730	1.3273e+07	199	36432.1
0	132493	1.32493e+07	199	36399.6
2	132569	1.32569e+07	199	36410
4	132588	1.32588e+07	199	36412.6
6	132846	1.32846e+07	199	36448
8	126202	1.26202e+07	199	35524.9
10	29164	2.9164e+06	199	17077.5
12	97451	974510	1999	3121.71
14	39033	390330	1999	1975.68
16	13283	132830	1999	1152.52
18	3846	38460	1999	620.161
20	1348	13480	1999	367.151
22	256	2560	1999	160
24	36	360	1999	60
26	0	0	1999	0
28	12	120	1999	34.641
30	0	0	1999	0
32	12	120	1999	34.641
34	0	0	1999	0
36	0	0	1999	0
38	0	0	1999	0
40	0	0	1999	0
42	0	0	1999	0
44	0	0	1999	0
46	0	0	1999	0
48	0	0	1999	0
50	0	0	1999	0
52	0	0	1999	0
54	0	0	1999	0
56	0	0	1999	0
58	0	0	1999	0
60	0	0	1999	0
62	0	0	1999	0
64	0	0	1999	0
66	0	0	1999	0
68	0	0	1999	0
70	0	0	1999	0
72	0	0	1999	0
74	0	0	1999	0
76	0	0	1999	0
78	0	0	1999	0
80	0	0	1999	0
82	0	0	1999	0
84	0	0	1999	0
