# Number of sweeps:2000
# Fast sweep mode
# Match window:1999
# Search window:2007
# Reject offset:2088
# Bunch offset:2096
# Coarse rollover:4095
# Threshold: [80, 170, 1]
# Channel:2
#thr	hits	freq	window	error
-94	0	0	1999	0
-92	0	0	1999	0
-90	0	0	1999	0
-88	0	0	1999	0
-86	0	0	1999	0
-84	0	0	1999	0
-82	0	0	1999	0
-80	0	0	1999	0
-78	0	0	1999	0
-76	0	0	1999	0
-74	0	0	1999	0
-72	0	0	1999	0
-70	0	0	1999	0
-68	0	0	1999	0
-66	0	0	1999	0
-64	0	0	1999	0
-62	0	0	1999	0
-60	0	0	1999	0
-58	0	0	1999	0
-56	0	0	1999	0
-54	0	0	1999	0
-52	0	0	1999	0
-50	0	0	1999	0
-48	0	0	1999	0
-46	0	0	1999	0
-44	0	0	1999	0
-42	0	0	1999	0
-40	0	0	1999	0
-38	20	200	1999	44.7214
-36	0	0	1999	0
-34	0	0	1999	0
-32	0	0	1999	0
-30	0	0	1999	0
-28	24	240	1999	48.9898
-26	60	600	1999	77.4597
-24	272	2720	1999	164.924
-22	1476	14760	1999	384.187
-20	5999	59990	1999	774.532
-18	20474	204740	1999	1430.87
-16	59103	591030	1999	2431.11
-14	153694	1.53694e+06	1999	3920.38
-12	32740	3.274e+06	199	18094.2
-10	72004	7.2004e+06	199	26833.6
-8	123763	1.23763e+07	199	35180
-6	133055	1.33055e+07	199	36476.7
-4	132520	1.3252e+07	199	36403.3
-2	132376	1.32376e+07	199	36383.5
0	132446	1.32446e+07	199	36393.1
2	132464	1.32464e+07	199	36395.6
4	132388	1.32388e+07	199	36385.2
6	132379	1.32379e+07	199	36383.9
8	132490	1.3249e+07	199	36399.2
10	132769	1.32769e+07	199	36437.5
12	123456	1.23456e+07	199	35136.3
14	30327	3.0327e+06	199	17414.6
16	80118	801180	1999	2830.51
18	23724	237240	1999	1540.26
20	6247	62470	1999	790.38
22	1667	16670	1999	408.289
24	493	4930	1999	222.036
26	84	840	1999	91.6515
28	12	120	1999	34.641
30	0	0	1999	0
32	0	0	1999	0
34	0	0	1999	0
36	0	0	1999	0
38	0	0	1999	0
40	0	0	1999	0
42	0	0	1999	0
44	0	0	1999	0
46	0	0	1999	0
48	0	0	1999	0
50	0	0	1999	0
52	0	0	1999	0
54	0	0	1999	0
56	0	0	1999	0
58	0	0	1999	0
60	0	0	1999	0
62	0	0	1999	0
64	0	0	1999	0
66	0	0	1999	0
68	0	0	1999	0
70	0	0	1999	0
72	0	0	1999	0
74	0	0	1999	0
76	0	0	1999	0
78	0	0	1999	0
80	0	0	1999	0
82	0	0	1999	0
84	0	0	1999	0
