# Number of sweeps:2000
# Fast sweep mode
# Match window:1999
# Search window:2007
# Reject offset:2088
# Bunch offset:2096
# Coarse rollover:4095
# Threshold: [80, 170, 1]
# Channel:7
#thr	hits	freq	window	error
-94	0	0	1999	0
-92	0	0	1999	0
-90	0	0	1999	0
-88	0	0	1999	0
-86	0	0	1999	0
-84	0	0	1999	0
-82	0	0	1999	0
-80	0	0	1999	0
-78	0	0	1999	0
-76	0	0	1999	0
-74	0	0	1999	0
-72	0	0	1999	0
-70	0	0	1999	0
-68	0	0	1999	0
-66	0	0	1999	0
-64	0	0	1999	0
-62	0	0	1999	0
-60	0	0	1999	0
-58	0	0	1999	0
-56	0	0	1999	0
-54	0	0	1999	0
-52	0	0	1999	0
-50	0	0	1999	0
-48	0	0	1999	0
-46	0	0	1999	0
-44	0	0	1999	0
-42	0	0	1999	0
-40	0	0	1999	0
-38	0	0	1999	0
-36	0	0	1999	0
-34	0	0	1999	0
-32	0	0	1999	0
-30	0	0	1999	0
-28	0	0	1999	0
-26	0	0	1999	0
-24	0	0	1999	0
-22	24	240	1999	48.9898
-20	168	1680	1999	129.615
-18	765	7650	1999	276.586
-16	4316	43160	1999	656.963
-14	27524	275240	1999	1659.04
-12	107844	1.07844e+06	1999	3283.96
-10	33256	3.3256e+06	199	18236.2
-8	93108	9.3108e+06	199	30513.6
-6	132560	1.3256e+07	199	36408.8
-4	132719	1.32719e+07	199	36430.6
-2	132568	1.32568e+07	199	36409.9
0	132458	1.32458e+07	199	36394.8
2	132522	1.32522e+07	199	36403.6
4	132500	1.325e+07	199	36400.5
6	132438	1.32438e+07	199	36392
8	132591	1.32591e+07	199	36413
10	132692	1.32692e+07	199	36426.9
12	128090	1.2809e+07	199	35789.7
14	51381	5.1381e+06	199	22667.4
16	17241	1.7241e+06	199	13130.5
18	58276	582760	1999	2414.04
20	16695	166950	1999	1292.09
22	3804	38040	1999	616.766
24	863	8630	1999	293.769
26	260	2600	1999	161.245
28	32	320	1999	56.5685
30	0	0	1999	0
32	0	0	1999	0
34	0	0	1999	0
36	0	0	1999	0
38	20	200	1999	44.7214
40	0	0	1999	0
42	0	0	1999	0
44	0	0	1999	0
46	0	0	1999	0
48	0	0	1999	0
50	0	0	1999	0
52	0	0	1999	0
54	0	0	1999	0
56	0	0	1999	0
58	0	0	1999	0
60	12	120	1999	34.641
62	0	0	1999	0
64	0	0	1999	0
66	0	0	1999	0
68	0	0	1999	0
70	0	0	1999	0
72	0	0	1999	0
74	0	0	1999	0
76	0	0	1999	0
78	0	0	1999	0
80	0	0	1999	0
82	0	0	1999	0
84	0	0	1999	0
