# Number of sweeps:2000
# Fast sweep mode
# Match window:1999
# Search window:2007
# Reject offset:2088
# Bunch offset:2096
# Coarse rollover:4095
# Threshold: [80, 170, 1]
# Channel:18
#thr	hits	freq	window	error
-94	0	0	1999	0
-92	0	0	1999	0
-90	0	0	1999	0
-88	0	0	1999	0
-86	0	0	1999	0
-84	0	0	1999	0
-82	0	0	1999	0
-80	0	0	1999	0
-78	0	0	1999	0
-76	0	0	1999	0
-74	0	0	1999	0
-72	0	0	1999	0
-70	0	0	1999	0
-68	0	0	1999	0
-66	0	0	1999	0
-64	0	0	1999	0
-62	0	0	1999	0
-60	0	0	1999	0
-58	0	0	1999	0
-56	0	0	1999	0
-54	0	0	1999	0
-52	0	0	1999	0
-50	0	0	1999	0
-48	0	0	1999	0
-46	0	0	1999	0
-44	0	0	1999	0
-42	0	0	1999	0
-40	0	0	1999	0
-38	0	0	1999	0
-36	0	0	1999	0
-34	0	0	1999	0
-32	0	0	1999	0
-30	12	120	1999	34.641
-28	36	360	1999	60
-26	12	120	1999	34.641
-24	308	3080	1999	175.499
-22	1017	10170	1999	318.904
-20	3672	36720	1999	605.97
-18	18097	180970	1999	1345.25
-16	66575	665750	1999	2580.21
-14	20687	2.0687e+06	199	14383
-12	63115	6.3115e+06	199	25122.7
-10	127168	1.27168e+07	199	35660.6
-8	132699	1.32699e+07	199	36427.9
-6	132335	1.32335e+07	199	36377.9
-4	132339	1.32339e+07	199	36378.4
-2	132205	1.32205e+07	199	36360
0	132319	1.32319e+07	199	36375.7
2	132280	1.3228e+07	199	36370.3
4	132264	1.32264e+07	199	36368.1
6	132408	1.32408e+07	199	36387.9
8	124128	1.24128e+07	199	35231.8
10	46148	4.6148e+06	199	21482.1
12	19425	1.9425e+06	199	13937.4
14	80853	808530	1999	2843.47
16	30814	308140	1999	1755.39
18	10322	103220	1999	1015.97
20	2967	29670	1999	544.702
22	785	7850	1999	280.179
24	303	3030	1999	174.069
26	46	460	1999	67.8233
28	12	120	1999	34.641
30	12	120	1999	34.641
32	0	0	1999	0
34	0	0	1999	0
36	0	0	1999	0
38	0	0	1999	0
40	0	0	1999	0
42	0	0	1999	0
44	0	0	1999	0
46	0	0	1999	0
48	0	0	1999	0
50	0	0	1999	0
52	0	0	1999	0
54	0	0	1999	0
56	0	0	1999	0
58	0	0	1999	0
60	0	0	1999	0
62	0	0	1999	0
64	0	0	1999	0
66	0	0	1999	0
68	0	0	1999	0
70	0	0	1999	0
72	0	0	1999	0
74	0	0	1999	0
76	0	0	1999	0
78	0	0	1999	0
80	0	0	1999	0
82	0	0	1999	0
84	0	0	1999	0
