# Number of sweeps:75
# Match window:1999
# Search window:2007
# Reject offset:2088
# Bunch offset:2096
# Coarse rollover:4095
# Threshold: [100, 140, 1]
# Channel:0
#thr	hits	freq	window	error
-54	0	0	1999	0
-52	0	0	1999	0
-50	0	0	1999	0
-48	0	0	1999	0
-46	0	0	1999	0
-44	0	0	1999	0
-42	0	0	1999	0
-40	0	0	1999	0
-38	0	0	1999	0
-36	0	0	1999	0
-34	0	0	1999	0
-32	0	0	1999	0
-30	0	0	1999	0
-28	1	266.667	1999	266.667
-26	1	266.667	1999	266.667
-24	4	1066.67	1999	533.333
-22	21	5600	1999	1222.02
-20	78	20800	1999	2355.14
-18	294	78400	1999	4572.38
-16	917	244533	1999	8075.2
-14	2620	698667	1999	13649.6
-12	664	1.77067e+06	199	68715.2
-10	1459	3.89067e+06	199	101858
-8	3017	8.04533e+06	199	146473
-6	4876	1.30027e+07	199	186209
-4	5013	1.3368e+07	199	188807
-2	5002	1.33387e+07	199	188600
0	5008	1.33547e+07	199	188713
2	5010	1.336e+07	199	188750
4	5012	1.33653e+07	199	188788
6	5004	1.3344e+07	199	188637
8	5009	1.33573e+07	199	188731
10	5006	1.33493e+07	199	188675
12	4402	1.17387e+07	199	176927
14	1313	3.50133e+06	199	96627.6
16	5472	1.4592e+06	1999	19726.1
18	2408	642133	1999	13085.7
20	944	251733	1999	8193.22
22	323	86133.3	1999	4792.59
24	102	27200	1999	2693.2
