# Number of sweeps:100
# Match window:31
# Search window:39
# Reject offset:3424
# Bunch offset:3464
# Coarse rollover:3563
# Threshold: [100, 140, 2]
# Channel:0
thr	hits	freq	window	error
-54	0	0	1999	0
-50	0	0	1999	0
-46	2	400	1999	282.843
-42	3	600	1999	346.41
-38	4	800	1999	400
-34	14	2800	1999	748.331
-30	87	17400	1999	1865.48
-26	336	67200	1999	3666.06
-22	1071	214200	1999	6545.23
-18	3876	775200	1999	12451.5
-14	3609	2.8872e+06	499	48060
-10	6378	1.02048e+07	249	127780
-6	4152	1.32864e+07	124	206195
-2	3961	1.26752e+07	124	201397
2	4060	3.248e+06	499	50974.5
6	3306	661200	1999	11499.6
10	855	171000	1999	5848.08
14	274	54800	1999	3310.59
18	131	26200	1999	2289.1
22	80	16000	1999	1788.85
