# Number of sweeps:100
# Match window:1999
# Search window:2007
# Reject offset:2088
# Bunch offset:2096
# Coarse rollover:4095
# Threshold: [100, 140, 2]
# Channel:17
thr	hits	freq	window	error
-54	1	200	1999	200
-50	3	600	1999	346.41
-46	3	600	1999	346.41
-42	32	6400	1999	1131.37
-38	97	19400	1999	1969.77
-34	503	100600	1999	4485.53
-30	2395	479000	1999	9787.75
-26	4455	1.782e+06	999	26698.3
-22	6035	4.828e+06	499	62148.2
-18	6120	9.792e+06	249	125169
-14	4134	1.32288e+07	124	205748
-10	4174	1.33568e+07	124	206741
-6	4159	1.33088e+07	124	206369
-2	4160	1.3312e+07	124	206394
2	6064	9.7024e+06	249	124595
6	5491	4.3928e+06	499	59281
10	8673	1.7346e+06	1999	18625.8
14	2615	523000	1999	10227.4
18	623	124600	1999	4991.99
22	159	31800	1999	2521.9
