#num_sweeps:50
#thresh	dac
88	1000
90	1000
92	1000
94	1000
96	1000
98	1000
100	1000
102	1000
104	1000
106	1025
108	1050
110	1050
112	1175
114	1450
116	1450
118	1450
120	1525
122	1525
124	1600
126	1600
128	1625
130	1625
132	1675
134	1700
136	1700
138	1725
140	1775
142	1800
144	1800
146	1800
148	1825
150	1875
152	1900
154	1900
156	1925
158	1950
160	1950
162	1950
164	2000
166	2050
168	2050
170	2050
172	2100
174	2100
176	2125
178	2125
180	2150
182	2175
184	2200
186	2225
188	2250
190	2250
192	2275
194	2300
196	2325
198	2350
200	2375
202	2375
204	2425
206	2425
208	2425
210	2450
212	2475
214	2500
216	2550
218	2550
220	2575
222	2600
224	2600
226	2650
228	2650
230	2700
232	2700
234	2725
236	2750
238	2775
240	2775
242	2825
244	2850
246	2850
248	2900
250	2900
252	2925
254	2950
256	2975
