# Number of sweeps:50
# Match window:1999
# Search window:2007
# Reject offset:2088
# Bunch offset:2096
# Coarse rollover:4095
# Threshold: [100, 140, 1]
# Channel:0
#thr	hits	freq	window	error
-54	0	0	1999	0
-52	0	0	1999	0
-50	0	0	1999	0
-48	0	0	1999	0
-46	0	0	1999	0
-44	0	0	1999	0
-42	0	0	1999	0
-40	1	400	1999	400
-38	0	0	1999	0
-36	3	1200	1999	692.82
-34	11	4400	1999	1326.65
-32	19	7600	1999	1743.56
-30	102	40800	1999	4039.8
-28	295	118000	1999	6870.23
-26	701	280400	1999	10590.6
-24	1676	670400	1999	16375.6
-22	3820	1.528e+06	1999	24722.5
-20	880	3.52e+06	199	118659
-18	1857	7.428e+06	199	172372
-16	2988	1.1952e+07	199	218650
-14	3336	1.3344e+07	199	231032
-12	3338	1.3352e+07	199	231102
-10	3344	1.3376e+07	199	231309
-8	3338	1.3352e+07	199	231102
-6	3344	1.3376e+07	199	231309
-4	3344	1.3376e+07	199	231309
-2	3346	1.3384e+07	199	231378
0	3340	1.336e+07	199	231171
2	3338	1.3352e+07	199	231102
4	3340	1.336e+07	199	231171
6	3301	1.3204e+07	199	229817
8	1461	5.844e+06	199	152892
10	3786	1.5144e+06	1999	24612.2
12	1641	656400	1999	16203.7
14	706	282400	1999	10628.3
16	332	132800	1999	7288.35
18	143	57200	1999	4783.3
20	64	25600	1999	3200
22	24	9600	1999	1959.59
24	17	6800	1999	1649.24
