#thr	hits	freq	window	error
# Number of swees:500
# Fast sweep mode
# Match window:1999
# Search window:2007
# Reject offset:2088
# Bunch offset:2096
# Coarse rollover:4095
# Threshold: [0, 255, 1]
# Channel:1
-254	0	0	1999	0
-252	0	0	1999	0
-250	0	0	1999	0
-248	0	0	1999	0
-246	0	0	1999	0
-244	0	0	1999	0
-242	0	0	1999	0
-240	0	0	1999	0
-238	0	0	1999	0
-236	0	0	1999	0
-234	0	0	1999	0
-232	0	0	1999	0
-230	0	0	1999	0
-228	0	0	1999	0
-226	0	0	1999	0
-224	0	0	1999	0
-222	16	640	1999	160
-220	0	0	1999	0
-218	0	0	1999	0
-216	0	0	1999	0
-214	0	0	1999	0
-212	0	0	1999	0
-210	0	0	1999	0
-208	0	0	1999	0
-206	0	0	1999	0
-204	0	0	1999	0
-202	0	0	1999	0
-200	0	0	1999	0
-198	0	0	1999	0
-196	0	0	1999	0
-194	0	0	1999	0
-192	48	1920	1999	277.128
-190	0	0	1999	0
-188	16	640	1999	160
-186	0	0	1999	0
-184	43	1720	1999	262.298
-182	0	0	1999	0
-180	62	2480	1999	314.96
-178	0	0	1999	0
-176	153	6120	1999	494.773
-174	109	4360	1999	417.612
-172	485	19400	1999	880.909
-170	93	3720	1999	385.746
-168	979	39160	1999	1251.56
-166	179	7160	1999	535.164
-164	533	21320	1999	923.472
-162	1423	56920	1999	1508.91
-160	259	10360	1999	643.739
-158	1356	54240	1999	1472.96
-156	245	9800	1999	626.099
-154	1456	58240	1999	1526.3
-152	1470	58800	1999	1533.62
-150	644	25760	1999	1015.09
-148	1455	58200	1999	1525.78
-146	922	36880	1999	1214.58
-144	995	39800	1999	1261.74
-142	1614	64560	1999	1606.98
-140	1522	60880	1999	1560.51
-138	1422	56880	1999	1508.38
-136	1648	65920	1999	1623.82
-134	980	39200	1999	1252.2
-132	1293	51720	1999	1438.33
-130	1345	53800	1999	1466.97
-128	1461	58440	1999	1528.92
-126	1502	60080	1999	1550.23
-124	1478	59120	1999	1537.79
-122	1245	49800	1999	1411.38
-120	1642	65680	1999	1620.86
-118	1920	76800	1999	1752.71
-116	1559	62360	1999	1579.37
-114	1510	60400	1999	1554.35
-112	1420	56800	1999	1507.32
-110	1646	65840	1999	1622.84
-108	1439	57560	1999	1517.37
-106	2293	91720	1999	1915.41
-104	1789	71560	1999	1691.86
-102	1772	70880	1999	1683.81
-100	1786	71440	1999	1690.44
-98	2159	86360	1999	1858.6
-96	2118	84720	1999	1840.87
-94	2421	96840	1999	1968.15
-92	3272	130880	1999	2288.06
-90	3094	123760	1999	2224.95
-88	3130	125200	1999	2237.86
-86	3753	150120	1999	2450.47
-84	2649	105960	1999	2058.74
-82	2545	101800	1999	2017.92
-80	4250	170000	1999	2607.68
-78	4477	179080	1999	2676.42
-76	4993	199720	1999	2826.45
-74	4805	192200	1999	2772.72
-72	5045	201800	1999	2841.13
-70	4629	185160	1999	2721.47
-68	4297	171880	1999	2622.06
-66	4167	166680	1999	2582.09
-64	4097	163880	1999	2560.31
-62	4339	173560	1999	2634.84
-60	5161	206440	1999	2873.6
-58	6103	244120	1999	3124.87
-56	5800	232000	1999	3046.31
-54	6001	240040	1999	3098.64
-52	7149	285960	1999	3382.07
-50	6609	264360	1999	3251.83
-48	8129	325160	1999	3606.44
-46	7805	312200	1999	3533.84
-44	8901	356040	1999	3773.8
-42	11681	467240	1999	4323.15
-40	14907	596280	1999	4883.77
-38	14095	563800	1999	4748.89
-36	14321	572840	1999	4786.82
-34	15561	622440	1999	4989.75
-32	19706	788240	1999	5615.12
-30	20799	831960	1999	5768.74
-28	4363	1.7452e+06	199	26421.2
-26	3422	1.3688e+06	199	23399.1
-24	3511	1.4044e+06	199	23701.5
-22	4539	1.8156e+06	199	26948.8
-20	3794	1.5176e+06	199	24638.2
-18	3728	1.4912e+06	199	24422.9
-16	3267	1.3068e+06	199	22863.1
-14	4416	1.7664e+06	199	26581.2
-12	4384	1.7536e+06	199	26484.7
-10	6579	2.6316e+06	199	32444.4
-8	10206	4.0824e+06	199	40409.9
-6	26847	1.07388e+07	199	65540.2
-4	33273	1.33092e+07	199	72963.6
-2	33390	1.3356e+07	199	73091.7
0	33361	1.33444e+07	199	73060
2	33386	1.33544e+07	199	73087.3
4	33343	1.33372e+07	199	73040.3
6	33366	1.33464e+07	199	73065.5
8	33305	1.3322e+07	199	72998.6
10	33058	1.32232e+07	199	72727.4
12	20931	8.3724e+06	199	57870.2
14	6378	2.5512e+06	199	31945
16	4624	1.8496e+06	199	27200
18	4415	1.766e+06	199	26578.2
20	4658	1.8632e+06	199	27299.8
22	4601	1.8404e+06	199	27132.3
24	3133	1.2532e+06	199	22389.3
26	2849	1.1396e+06	199	21350.4
28	15390	615600	1999	4962.26
30	18421	736840	1999	5428.96
32	15761	630440	1999	5021.71
34	15644	625760	1999	5003.04
36	18111	724440	1999	5383.08
38	18938	757520	1999	5504.62
40	16282	651280	1999	5104.04
42	14093	563720	1999	4748.56
44	15887	635480	1999	5041.75
46	13625	545000	1999	4669.05
48	12609	504360	1999	4491.59
50	9926	397040	1999	3985.17
52	11727	469080	1999	4331.65
54	11569	462760	1999	4302.37
56	12146	485840	1999	4408.36
58	9539	381560	1999	3906.71
60	9590	383600	1999	3917.14
62	7624	304960	1999	3492.62
64	6928	277120	1999	3329.38
66	6164	246560	1999	3140.45
68	5542	221680	1999	2977.78
70	6111	244440	1999	3126.92
72	6635	265400	1999	3258.22
74	6567	262680	1999	3241.48
76	5536	221440	1999	2976.17
78	5496	219840	1999	2965.4
80	3532	141280	1999	2377.23
82	2849	113960	1999	2135.04
84	2975	119000	1999	2181.74
86	3329	133160	1999	2307.9
88	3343	133720	1999	2312.75
90	2685	107400	1999	2072.68
92	3102	124080	1999	2227.82
94	3643	145720	1999	2414.29
96	2175	87000	1999	1865.48
98	1842	73680	1999	1716.74
100	2314	92560	1999	1924.16
102	1999	79960	1999	1788.41
104	2785	111400	1999	2110.92
106	1745	69800	1999	1670.93
108	1259	50360	1999	1419.3
110	2745	109800	1999	2095.71
112	1754	70160	1999	1675.23
114	821	32840	1999	1146.12
116	1254	50160	1999	1416.47
118	817	32680	1999	1143.33
120	344	13760	1999	741.889
122	2711	108440	1999	2082.69
124	183	7320	1999	541.11
126	417	16680	1999	816.823
128	183	7320	1999	541.11
130	164	6560	1999	512.25
132	739	29560	1999	1087.38
134	16	640	1999	160
136	802	32080	1999	1132.78
138	0	0	1999	0
140	1451	58040	1999	1523.68
142	30	1200	1999	219.089
144	0	0	1999	0
146	130	5200	1999	456.07
148	0	0	1999	0
150	480	19200	1999	876.356
152	0	0	1999	0
154	15	600	1999	154.919
156	0	0	1999	0
158	1370	54800	1999	1480.54
160	0	0	1999	0
162	0	0	1999	0
164	0	0	1999	0
166	0	0	1999	0
168	0	0	1999	0
170	0	0	1999	0
172	0	0	1999	0
174	0	0	1999	0
176	42	1680	1999	259.23
178	0	0	1999	0
180	16	640	1999	160
182	0	0	1999	0
184	0	0	1999	0
186	0	0	1999	0
188	0	0	1999	0
190	0	0	1999	0
192	649	25960	1999	1019.02
194	0	0	1999	0
196	0	0	1999	0
198	0	0	1999	0
200	28	1120	1999	211.66
202	0	0	1999	0
204	0	0	1999	0
206	0	0	1999	0
208	0	0	1999	0
210	0	0	1999	0
212	0	0	1999	0
214	0	0	1999	0
216	0	0	1999	0
218	0	0	1999	0
220	0	0	1999	0
222	0	0	1999	0
224	0	0	1999	0
226	42	1680	1999	259.23
228	0	0	1999	0
230	0	0	1999	0
232	0	0	1999	0
234	28	1120	1999	211.66
236	0	0	1999	0
238	0	0	1999	0
240	0	0	1999	0
242	0	0	1999	0
244	0	0	1999	0
246	0	0	1999	0
248	0	0	1999	0
250	0	0	1999	0
252	0	0	1999	0
254	0	0	1999	0
