# Number of sweeps:50
# Match window:1999
# Search window:2007
# Reject offset:2088
# Bunch offset:2096
# Coarse rollover:4095
# Threshold: [100, 150, 1]
# Channel:18
thr	hits	freq	window	error
-54	0	0	1999	0
-52	0	0	1999	0
-50	0	0	1999	0
-48	0	0	1999	0
-46	0	0	1999	0
-44	0	0	1999	0
-42	0	0	1999	0
-40	0	0	1999	0
-38	0	0	1999	0
-36	0	0	1999	0
-34	0	0	1999	0
-32	0	0	1999	0
-30	0	0	1999	0
-28	0	0	1999	0
-26	0	0	1999	0
-24	0	0	1999	0
-22	0	0	1999	0
-20	0	0	1999	0
-18	3	1200	1999	692.82
-16	21	8400	1999	1833.03
-14	314	125600	1999	7088.02
-12	2899	1.1596e+06	1999	21536.9
-10	1791	5.7312e+06	249	135425
-8	1739	1.11296e+07	124	266888
-6	2032	1.30048e+07	124	288497
-4	2073	1.32672e+07	124	291393
-2	2041	1.30624e+07	124	289136
0	2024	1.29536e+07	124	287929
2	1784	1.14176e+07	124	270320
4	2437	7.7984e+06	249	157971
6	2736	4.3776e+06	499	83690.9
8	2760	2.208e+06	999	42028.6
10	2487	994800	1999	19947.9
12	916	366400	1999	12106.2
14	308	123200	1999	7019.97
16	112	44800	1999	4233.2
18	29	11600	1999	2154.07
20	10	4000	1999	1264.91
22	3	1200	1999	692.82
24	1	400	1999	400
26	0	0	1999	0
28	0	0	1999	0
30	0	0	1999	0
32	0	0	1999	0
34	0	0	1999	0
36	0	0	1999	0
38	0	0	1999	0
40	0	0	1999	0
42	0	0	1999	0
44	0	0	1999	0
