# Number of sweeps:50
# Match window:1999
# Search window:2007
# Reject offset:2088
# Bunch offset:2096
# Coarse rollover:4095
# Threshold: [100, 150, 1]
# Channel:21
thr	hits	freq	window	error
-54	0	0	1999	0
-52	0	0	1999	0
-50	0	0	1999	0
-48	0	0	1999	0
-46	0	0	1999	0
-44	0	0	1999	0
-42	0	0	1999	0
-40	0	0	1999	0
-38	0	0	1999	0
-36	0	0	1999	0
-34	5	2000	1999	894.427
-32	6	2400	1999	979.796
-30	12	4800	1999	1385.64
-28	22	8800	1999	1876.17
-26	36	14400	1999	2400
-24	107	42800	1999	4137.63
-22	234	93600	1999	6118.82
-20	480	192000	1999	8763.56
-18	1275	510000	1999	14282.9
-16	3158	1.2632e+06	1999	22478.4
-14	1934	3.0944e+06	499	70363.6
-12	2450	7.84e+06	249	158392
-10	1990	1.2736e+07	124	285500
-8	2082	1.33248e+07	124	292025
-6	2087	1.33568e+07	124	292376
-4	2079	1.33056e+07	124	291815
-2	2081	1.33184e+07	124	291955
0	2081	1.33184e+07	124	291955
2	2093	1.33952e+07	124	292796
4	2060	1.3184e+07	124	290478
6	1906	1.21984e+07	124	279410
8	2895	9.264e+06	249	172177
10	2073	6.6336e+06	249	145697
12	2647	4.2352e+06	499	82318.4
14	3211	2.5688e+06	999	45332.5
16	3551	1.4204e+06	1999	23836.1
18	1889	755600	1999	17385.1
20	895	358000	1999	11966.6
22	473	189200	1999	8699.43
24	208	83200	1999	5768.88
26	93	37200	1999	3857.46
28	48	19200	1999	2771.28
30	25	10000	1999	2000
32	21	8400	1999	1833.03
34	3	1200	1999	692.82
36	2	800	1999	565.685
38	1	400	1999	400
40	0	0	1999	0
42	0	0	1999	0
44	0	0	1999	0
