# Number of sweeps:200
# Match window:31
# Search window:39
# Reject offset:3456
# Bunch offset:3464
# Coarse offset:0
# Coarse rollover:3563
# Threshold: [100, 150, 1]
# Channel:12
thr	hits	freq	window	error
-54	0	0	31	0
-52	0	0	31	0
-50	0	0	31	0
-48	0	0	31	0
-46	0	0	31	0
-44	0	0	31	0
-42	0	0	31	0
-40	0	0	31	0
-38	1	6250	31	6250
-36	0	0	31	0
-34	1	6250	31	6250
-32	3	18750	31	10825.3
-30	8	50000	31	17677.7
-28	10	62500	31	19764.2
-26	15	93750	31	24206.1
-24	32	200000	31	35355.3
-22	62	387500	31	49212.5
-20	99	618750	31	62186.7
-18	134	837500	31	72349
-16	203	1.26875e+06	31	89048.8
-14	389	2.43125e+06	31	123269
-12	556	3.475e+06	31	147373
-10	715	4.46875e+06	31	167122
-8	1117	6.98125e+06	31	208885
-6	1516	9.475e+06	31	243349
-4	1724	1.0775e+07	31	259507
-2	1905	1.19062e+07	31	272789
0	1756	1.0975e+07	31	261904
2	1109	6.93125e+06	31	208135
4	327	2.04375e+06	31	113020
6	136	850000	31	72886.9
8	76	475000	31	54486.2
10	49	306250	31	43750
12	22	137500	31	29315.1
14	11	68750	31	20728.9
16	4	25000	31	12500
18	2	12500	31	8838.83
20	0	0	31	0
22	0	0	31	0
24	0	0	31	0
26	0	0	31	0
28	0	0	31	0
30	0	0	31	0
32	0	0	31	0
34	0	0	31	0
36	0	0	31	0
38	0	0	31	0
40	0	0	31	0
42	0	0	31	0
44	0	0	31	0
