# Number of sweeps:50
# Match window:31
# Search window:39
# Reject offset:3424
# Bunch offset:3464
# Coarse rollover:3563
# Threshold: [100, 150, 1]
# Channel:0
thr	hits	freq	window	error
-54	0	0	1999	0
-52	0	0	1999	0
-50	0	0	1999	0
-48	0	0	1999	0
-46	0	0	1999	0
-44	0	0	1999	0
-42	0	0	1999	0
-40	2	800	1999	565.685
-38	3	1200	1999	692.82
-36	4	1600	1999	800
-34	2	800	1999	565.685
-32	16	6400	1999	1600
-30	20	8000	1999	1788.85
-28	40	16000	1999	2529.82
-26	99	39600	1999	3979.95
-24	172	68800	1999	5245.95
-22	327	130800	1999	7233.26
-20	643	257200	1999	10143
-18	1416	566400	1999	15051.9
-16	2979	1.1916e+06	1999	21832.1
-14	3125	2.5e+06	999	44721.4
-12	3286	5.2576e+06	499	91717.8
-10	3072	9.8304e+06	249	177362
-8	2015	1.2896e+07	124	287288
-6	2081	1.33184e+07	124	291955
-4	2069	1.32416e+07	124	291112
-2	1989	1.27296e+07	124	285429
0	2770	8.864e+06	249	168419
2	3485	2.788e+06	999	47227.1
4	2690	1.076e+06	1999	20746.1
6	1150	460000	1999	13564.7
8	584	233600	1999	9666.44
10	301	120400	1999	6939.74
12	144	57600	1999	4800
14	92	36800	1999	3836.67
16	64	25600	1999	3200
18	46	18400	1999	2712.93
20	47	18800	1999	2742.26
22	23	9200	1999	1918.33
24	14	5600	1999	1496.66
26	17	6800	1999	1649.24
28	8	3200	1999	1131.37
30	1	400	1999	400
32	5	2000	1999	894.427
34	0	0	1999	0
36	1	400	1999	400
38	0	0	1999	0
40	0	0	1999	0
42	0	0	1999	0
44	0	0	1999	0
