# Number of sweeps:50
# Match window:1999
# Search window:2007
# Reject offset:2088
# Bunch offset:2096
# Coarse rollover:4095
# Threshold: [100, 150, 1]
# Channel:15
thr	hits	freq	window	error
-54	0	0	1999	0
-52	0	0	1999	0
-50	0	0	1999	0
-48	0	0	1999	0
-46	0	0	1999	0
-44	0	0	1999	0
-42	0	0	1999	0
-40	0	0	1999	0
-38	0	0	1999	0
-36	0	0	1999	0
-34	0	0	1999	0
-32	1	400	1999	400
-30	0	0	1999	0
-28	0	0	1999	0
-26	1	400	1999	400
-24	2	800	1999	565.685
-22	1	400	1999	400
-20	16	6400	1999	1600
-18	51	20400	1999	2856.57
-16	145	58000	1999	4816.64
-14	453	181200	1999	8513.52
-12	1378	551200	1999	14848.6
-10	4340	1.736e+06	1999	26351.5
-8	3152	5.0432e+06	499	89828.3
-6	3153	1.00896e+07	249	179685
-4	1975	1.264e+07	124	284422
-2	2065	1.3216e+07	124	290831
0	2070	1.3248e+07	124	291182
2	1971	1.26144e+07	124	284134
4	2906	9.2992e+06	249	172503
6	3017	4.8272e+06	499	87883.6
8	2998	2.3984e+06	999	43803.2
10	3045	1.218e+06	1999	22072.6
12	1415	566000	1999	15046.6
14	598	239200	1999	9781.62
16	251	100400	1999	6337.19
18	118	47200	1999	4345.11
20	38	15200	1999	2465.77
22	15	6000	1999	1549.19
24	7	2800	1999	1058.3
26	0	0	1999	0
28	1	400	1999	400
30	0	0	1999	0
32	0	0	1999	0
34	0	0	1999	0
36	0	0	1999	0
38	0	0	1999	0
40	0	0	1999	0
42	0	0	1999	0
44	0	0	1999	0
