# Number of sweeps:50
# Match window:1999
# Search window:2007
# Reject offset:2088
# Bunch offset:2096
# Coarse rollover:4095
# Threshold: [100, 150, 1]
# Channel:3
thr	hits	freq	window	error
-54	0	0	1999	0
-52	0	0	1999	0
-50	0	0	1999	0
-48	0	0	1999	0
-46	0	0	1999	0
-44	0	0	1999	0
-42	0	0	1999	0
-40	1	400	1999	400
-38	0	0	1999	0
-36	0	0	1999	0
-34	2	800	1999	565.685
-32	10	4000	1999	1264.91
-30	17	6800	1999	1649.24
-28	38	15200	1999	2465.77
-26	69	27600	1999	3322.65
-24	126	50400	1999	4489.99
-22	246	98400	1999	6273.75
-20	512	204800	1999	9050.97
-18	1123	449200	1999	13404.5
-16	2340	936000	1999	19349.4
-14	2856	2.2848e+06	999	42753.2
-12	3401	5.4416e+06	499	93308.9
-10	1625	1.04e+07	124	257992
-8	2039	1.30496e+07	124	288994
-6	2091	1.33824e+07	124	292656
-4	2080	1.3312e+07	124	291885
-2	2082	1.33248e+07	124	292025
0	2069	1.32416e+07	124	291112
2	1669	1.06816e+07	124	261462
4	2090	6.688e+06	249	146293
6	2593	4.1488e+06	499	81474.4
8	2865	2.292e+06	999	42820.6
10	3181	1.2724e+06	1999	22560.1
12	1672	668800	1999	16356
14	862	344800	1999	11743.9
16	447	178800	1999	8456.95
18	221	88400	1999	5946.43
20	126	50400	1999	4489.99
22	64	25600	1999	3200
24	31	12400	1999	2227.11
26	14	5600	1999	1496.66
28	11	4400	1999	1326.65
30	7	2800	1999	1058.3
32	2	800	1999	565.685
34	1	400	1999	400
36	1	400	1999	400
38	0	0	1999	0
40	0	0	1999	0
42	0	0	1999	0
44	0	0	1999	0
