# Number of sweeps:50
# Match window:1999
# Search window:2007
# Reject offset:2088
# Bunch offset:2096
# Coarse rollover:4095
# Threshold: [100, 150, 1]
# Channel:9
thr	hits	freq	window	error
-54	0	0	1999	0
-52	0	0	1999	0
-50	0	0	1999	0
-48	0	0	1999	0
-46	0	0	1999	0
-44	0	0	1999	0
-42	0	0	1999	0
-40	0	0	1999	0
-38	1	400	1999	400
-36	0	0	1999	0
-34	1	400	1999	400
-32	0	0	1999	0
-30	6	2400	1999	979.796
-28	18	7200	1999	1697.06
-26	40	16000	1999	2529.82
-24	130	52000	1999	4560.7
-22	318	127200	1999	7133.02
-20	703	281200	1999	10605.7
-18	1680	672000	1999	16395.1
-16	3295	1.318e+06	1999	22960.8
-14	3070	2.456e+06	999	44326.1
-12	2673	4.2768e+06	499	82721.7
-10	2265	7.248e+06	249	152294
-8	1808	1.15712e+07	124	272132
-6	2063	1.32032e+07	124	290690
-4	2087	1.33568e+07	124	292376
-2	2063	1.32032e+07	124	290690
0	2035	1.3024e+07	124	288710
2	1642	1.05088e+07	124	259338
4	2607	4.1712e+06	499	81694.1
6	3136	1.2544e+06	1999	22400
8	1262	504800	1999	14209.9
10	475	190000	1999	8717.8
12	207	82800	1999	5755
14	66	26400	1999	3249.62
16	24	9600	1999	1959.59
18	10	4000	1999	1264.91
20	6	2400	1999	979.796
22	2	800	1999	565.685
24	0	0	1999	0
26	0	0	1999	0
28	0	0	1999	0
30	0	0	1999	0
32	0	0	1999	0
34	0	0	1999	0
36	0	0	1999	0
38	0	0	1999	0
40	0	0	1999	0
42	0	0	1999	0
44	0	0	1999	0
