# Number of sweeps:50
# Match window:1999
# Search window:2007
# Reject offset:2088
# Bunch offset:2096
# Coarse rollover:4095
# Threshold: [100, 150, 1]
# Channel:6
thr	hits	freq	window	error
-54	0	0	1999	0
-52	0	0	1999	0
-50	0	0	1999	0
-48	0	0	1999	0
-46	0	0	1999	0
-44	0	0	1999	0
-42	0	0	1999	0
-40	0	0	1999	0
-38	0	0	1999	0
-36	0	0	1999	0
-34	0	0	1999	0
-32	0	0	1999	0
-30	3	1200	1999	692.82
-28	8	3200	1999	1131.37
-26	26	10400	1999	2039.61
-24	84	33600	1999	3666.06
-22	245	98000	1999	6260.99
-20	690	276000	1999	10507.1
-18	1824	729600	1999	17083.3
-16	2511	2.0088e+06	999	40087.9
-14	3092	4.9472e+06	499	88969.2
-12	3109	9.9488e+06	249	178427
-10	2031	1.29984e+07	124	288426
-8	2079	1.33056e+07	124	291815
-6	2077	1.32928e+07	124	291674
-4	2075	1.328e+07	124	291534
-2	1920	1.2288e+07	124	280434
0	2421	7.7472e+06	249	157452
2	1823	1.4584e+06	999	34157.3
4	624	249600	1999	9992
6	162	64800	1999	5091.17
8	72	28800	1999	3394.11
10	41	16400	1999	2561.25
12	30	12000	1999	2190.89
14	14	5600	1999	1496.66
16	6	2400	1999	979.796
18	1	400	1999	400
20	0	0	1999	0
22	0	0	1999	0
24	0	0	1999	0
26	0	0	1999	0
28	0	0	1999	0
30	0	0	1999	0
32	0	0	1999	0
34	0	0	1999	0
36	0	0	1999	0
38	0	0	1999	0
40	0	0	1999	0
42	0	0	1999	0
44	0	0	1999	0
