# Number of sweeps:50
# Match window:1999
# Search window:2007
# Reject offset:2088
# Bunch offset:2096
# Coarse rollover:4095
# Threshold: [100, 150, 1]
# Channel:12
thr	hits	freq	window	error
-54	0	0	1999	0
-52	0	0	1999	0
-50	0	0	1999	0
-48	0	0	1999	0
-46	0	0	1999	0
-44	0	0	1999	0
-42	0	0	1999	0
-40	0	0	1999	0
-38	0	0	1999	0
-36	0	0	1999	0
-34	0	0	1999	0
-32	0	0	1999	0
-30	0	0	1999	0
-28	2	800	1999	565.685
-26	1	400	1999	400
-24	8	3200	1999	1131.37
-22	30	12000	1999	2190.89
-20	106	42400	1999	4118.25
-18	332	132800	1999	7288.35
-16	1014	405600	1999	12737.3
-14	2651	1.0604e+06	1999	20595.1
-12	3183	2.5464e+06	999	45134.5
-10	1901	6.0832e+06	249	139521
-8	1704	1.09056e+07	124	264189
-6	2046	1.30944e+07	124	289489
-4	2059	1.31776e+07	124	290408
-2	2071	1.32544e+07	124	291253
0	2033	1.30112e+07	124	288568
2	1634	1.04576e+07	124	258706
4	2352	3.7632e+06	499	77595.9
6	1494	597600	1999	15460.9
8	268	107200	1999	6548.28
10	55	22000	1999	2966.48
12	21	8400	1999	1833.03
14	7	2800	1999	1058.3
16	2	800	1999	565.685
18	3	1200	1999	692.82
20	0	0	1999	0
22	0	0	1999	0
24	0	0	1999	0
26	0	0	1999	0
28	0	0	1999	0
30	0	0	1999	0
32	0	0	1999	0
34	0	0	1999	0
36	0	0	1999	0
38	0	0	1999	0
40	0	0	1999	0
42	0	0	1999	0
44	0	0	1999	0
