# Number of sweeps:20
# Match window:1999
# Search window:2007
# Reject offset:2088
# Bunch offset:2096
# Coarse rollover:4095
# Threshold: [90, 160, 1]
# Channel:5
thr	hits	freq	window	error
-74	0	0	1999	0
-72	0	0	1999	0
-70	0	0	1999	0
-68	0	0	1999	0
-66	0	0	1999	0
-64	0	0	1999	0
-62	0	0	1999	0
-60	0	0	1999	0
-58	0	0	1999	0
-56	0	0	1999	0
-54	0	0	1999	0
-52	0	0	1999	0
-50	0	0	1999	0
-48	0	0	1999	0
-46	0	0	1999	0
-44	0	0	1999	0
-42	0	0	1999	0
-40	0	0	1999	0
-38	0	0	1999	0
-36	0	0	1999	0
-34	2	2000	1999	1414.21
-32	7	7000	1999	2645.75
-30	25	25000	1999	5000
-28	57	57000	1999	7549.83
-26	140	140000	1999	11832.2
-24	366	366000	1999	19131.1
-22	911	911000	1999	30182.8
-20	1999	1.999e+06	1999	44710.2
-18	1001	4.004e+06	499	126554
-16	997	7.976e+06	249	252602
-14	745	1.192e+07	124	436715
-12	811	1.2976e+07	124	455649
-10	836	1.3376e+07	124	462619
-8	833	1.3328e+07	124	461788
-6	829	1.3264e+07	124	460678
-4	835	1.336e+07	124	462342
-2	828	1.3248e+07	124	460400
0	827	1.3232e+07	124	460122
2	780	1.248e+07	124	446856
4	815	6.52e+06	249	228386
6	754	754000	1999	27459.1
8	72	72000	1999	8485.28
10	13	13000	1999	3605.55
12	1	1000	1999	1000
14	0	0	1999	0
16	1	1000	1999	1000
18	0	0	1999	0
20	0	0	1999	0
22	0	0	1999	0
24	0	0	1999	0
26	0	0	1999	0
28	0	0	1999	0
30	0	0	1999	0
32	0	0	1999	0
34	0	0	1999	0
36	0	0	1999	0
38	0	0	1999	0
40	0	0	1999	0
42	0	0	1999	0
44	0	0	1999	0
46	0	0	1999	0
48	0	0	1999	0
50	0	0	1999	0
52	0	0	1999	0
54	0	0	1999	0
56	0	0	1999	0
58	0	0	1999	0
60	0	0	1999	0
62	0	0	1999	0
64	0	0	1999	0
