# Number of sweeps:20
# Match window:1999
# Search window:2007
# Reject offset:2088
# Bunch offset:2096
# Coarse rollover:4095
# Threshold: [90, 160, 1]
# Channel:9
thr	hits	freq	window	error
-74	0	0	1999	0
-72	0	0	1999	0
-70	0	0	1999	0
-68	0	0	1999	0
-66	0	0	1999	0
-64	0	0	1999	0
-62	0	0	1999	0
-60	0	0	1999	0
-58	0	0	1999	0
-56	0	0	1999	0
-54	0	0	1999	0
-52	0	0	1999	0
-50	0	0	1999	0
-48	0	0	1999	0
-46	0	0	1999	0
-44	0	0	1999	0
-42	0	0	1999	0
-40	0	0	1999	0
-38	0	0	1999	0
-36	0	0	1999	0
-34	0	0	1999	0
-32	0	0	1999	0
-30	1	1000	1999	1000
-28	3	3000	1999	1732.05
-26	16	16000	1999	4000
-24	26	26000	1999	5099.02
-22	50	50000	1999	7071.07
-20	124	124000	1999	11135.5
-18	292	292000	1999	17088
-16	646	646000	1999	25416.5
-14	1246	1.246e+06	1999	35298.7
-12	1294	2.588e+06	999	71944.4
-10	676	5.408e+06	249	208000
-8	675	1.08e+07	124	415692
-6	826	1.3216e+07	124	459843
-4	829	1.3264e+07	124	460678
-2	834	1.3344e+07	124	462065
0	835	1.336e+07	124	462342
2	832	1.3312e+07	124	461511
4	834	1.3344e+07	124	462065
6	791	1.2656e+07	124	449996
8	290	1.16e+06	499	68117.5
10	73	73000	1999	8544
12	26	26000	1999	5099.02
14	8	8000	1999	2828.43
16	4	4000	1999	2000
18	3	3000	1999	1732.05
20	0	0	1999	0
22	0	0	1999	0
24	0	0	1999	0
26	0	0	1999	0
28	0	0	1999	0
30	0	0	1999	0
32	0	0	1999	0
34	0	0	1999	0
36	0	0	1999	0
38	0	0	1999	0
40	0	0	1999	0
42	0	0	1999	0
44	0	0	1999	0
46	0	0	1999	0
48	0	0	1999	0
50	0	0	1999	0
52	0	0	1999	0
54	0	0	1999	0
56	0	0	1999	0
58	0	0	1999	0
60	0	0	1999	0
62	0	0	1999	0
64	0	0	1999	0
