# Number of sweeps:20
# Match window:1999
# Search window:2007
# Reject offset:2088
# Bunch offset:2096
# Coarse rollover:4095
# Threshold: [90, 160, 1]
# Channel:23
thr	hits	freq	window	error
-74	0	0	1999	0
-72	0	0	1999	0
-70	0	0	1999	0
-68	0	0	1999	0
-66	0	0	1999	0
-64	1	1000	1999	1000
-62	1	1000	1999	1000
-60	4	4000	1999	2000
-58	4	4000	1999	2000
-56	10	10000	1999	3162.28
-54	17	17000	1999	4123.11
-52	25	25000	1999	5000
-50	38	38000	1999	6164.41
-48	68	68000	1999	8246.21
-46	97	97000	1999	9848.86
-44	124	124000	1999	11135.5
-42	189	189000	1999	13747.7
-40	255	255000	1999	15968.7
-38	278	278000	1999	16673.3
-36	382	382000	1999	19544.8
-34	444	444000	1999	21071.3
-32	532	532000	1999	23065.1
-30	645	645000	1999	25396.9
-28	786	786000	1999	28035.7
-26	960	960000	1999	30983.9
-24	1151	1.151e+06	1999	33926.4
-22	1362	1.362e+06	1999	36905.3
-20	912	1.824e+06	999	60398.7
-18	1371	2.742e+06	999	74054
-16	1082	4.328e+06	499	131575
-14	1168	9.344e+06	249	273408
-12	802	1.2832e+07	124	453114
-10	836	1.3376e+07	124	462619
-8	832	1.3312e+07	124	461511
-6	833	1.3328e+07	124	461788
-4	835	1.336e+07	124	462342
-2	833	1.3328e+07	124	461788
0	818	1.3088e+07	124	457611
2	692	1.1072e+07	124	420894
4	629	2.516e+06	499	100319
6	1067	1.067e+06	1999	32665
8	831	831000	1999	28827.1
10	632	632000	1999	25139.6
12	567	567000	1999	23811.8
14	437	437000	1999	20904.5
16	371	371000	1999	19261.4
18	278	278000	1999	16673.3
20	220	220000	1999	14832.4
22	153	153000	1999	12369.3
24	102	102000	1999	10099.5
26	57	57000	1999	7549.83
28	49	49000	1999	7000
30	31	31000	1999	5567.76
32	12	12000	1999	3464.1
34	3	3000	1999	1732.05
36	6	6000	1999	2449.49
38	1	1000	1999	1000
40	4	4000	1999	2000
42	1	1000	1999	1000
44	1	1000	1999	1000
46	1	1000	1999	1000
48	0	0	1999	0
50	0	0	1999	0
52	0	0	1999	0
54	0	0	1999	0
56	0	0	1999	0
58	0	0	1999	0
60	0	0	1999	0
62	0	0	1999	0
64	0	0	1999	0
