# Number of sweeps:20
# Match window:1999
# Search window:2007
# Reject offset:2088
# Bunch offset:2096
# Coarse rollover:4095
# Threshold: [90, 160, 1]
# Channel:20
thr	hits	freq	window	error
-74	0	0	1999	0
-72	0	0	1999	0
-70	0	0	1999	0
-68	0	0	1999	0
-66	0	0	1999	0
-64	0	0	1999	0
-62	0	0	1999	0
-60	0	0	1999	0
-58	0	0	1999	0
-56	0	0	1999	0
-54	0	0	1999	0
-52	0	0	1999	0
-50	0	0	1999	0
-48	0	0	1999	0
-46	0	0	1999	0
-44	0	0	1999	0
-42	0	0	1999	0
-40	0	0	1999	0
-38	0	0	1999	0
-36	0	0	1999	0
-34	0	0	1999	0
-32	0	0	1999	0
-30	0	0	1999	0
-28	0	0	1999	0
-26	1	1000	1999	1000
-24	11	11000	1999	3316.62
-22	44	44000	1999	6633.25
-20	91	91000	1999	9539.39
-18	277	277000	1999	16643.3
-16	1036	1.036e+06	1999	32187
-14	1095	4.38e+06	499	132363
-12	652	1.0432e+07	124	408549
-10	833	1.3328e+07	124	461788
-8	831	1.3296e+07	124	461233
-6	834	1.3344e+07	124	462065
-4	831	1.3296e+07	124	461233
-2	834	1.3344e+07	124	462065
0	831	1.3296e+07	124	461233
2	761	1.2176e+07	124	441380
4	478	3.824e+06	249	174906
6	818	818000	1999	28600.7
8	272	272000	1999	16492.4
10	93	93000	1999	9643.65
12	35	35000	1999	5916.08
14	10	10000	1999	3162.28
16	5	5000	1999	2236.07
18	1	1000	1999	1000
20	0	0	1999	0
22	0	0	1999	0
24	0	0	1999	0
26	0	0	1999	0
28	0	0	1999	0
30	0	0	1999	0
32	0	0	1999	0
34	0	0	1999	0
36	0	0	1999	0
38	0	0	1999	0
40	0	0	1999	0
42	0	0	1999	0
44	0	0	1999	0
46	0	0	1999	0
48	0	0	1999	0
50	0	0	1999	0
52	0	0	1999	0
54	0	0	1999	0
56	0	0	1999	0
58	0	0	1999	0
60	0	0	1999	0
62	0	0	1999	0
64	0	0	1999	0
