# Number of sweeps:20
# Match window:1999
# Search window:2007
# Reject offset:2088
# Bunch offset:2096
# Coarse rollover:4095
# Threshold: [90, 160, 1]
# Channel:8
thr	hits	freq	window	error
-74	0	0	1999	0
-72	0	0	1999	0
-70	0	0	1999	0
-68	0	0	1999	0
-66	0	0	1999	0
-64	0	0	1999	0
-62	0	0	1999	0
-60	0	0	1999	0
-58	0	0	1999	0
-56	0	0	1999	0
-54	0	0	1999	0
-52	0	0	1999	0
-50	0	0	1999	0
-48	0	0	1999	0
-46	0	0	1999	0
-44	0	0	1999	0
-42	0	0	1999	0
-40	0	0	1999	0
-38	0	0	1999	0
-36	0	0	1999	0
-34	0	0	1999	0
-32	0	0	1999	0
-30	0	0	1999	0
-28	0	0	1999	0
-26	0	0	1999	0
-24	1	1000	1999	1000
-22	4	4000	1999	2000
-20	4	4000	1999	2000
-18	11	11000	1999	3316.62
-16	47	47000	1999	6855.65
-14	173	173000	1999	13152.9
-12	395	395000	1999	19874.6
-10	1399	1.399e+06	1999	37403.2
-8	1038	8.304e+06	249	257744
-6	823	1.3168e+07	124	459008
-4	833	1.3328e+07	124	461788
-2	833	1.3328e+07	124	461788
0	834	1.3344e+07	124	462065
2	833	1.3328e+07	124	461788
4	827	1.3232e+07	124	460122
6	779	1.2464e+07	124	446569
8	328	5.248e+06	124	289772
10	427	427000	1999	20664
12	142	142000	1999	11916.4
14	46	46000	1999	6782.33
16	9	9000	1999	3000
18	4	4000	1999	2000
20	0	0	1999	0
22	0	0	1999	0
24	0	0	1999	0
26	0	0	1999	0
28	0	0	1999	0
30	0	0	1999	0
32	0	0	1999	0
34	0	0	1999	0
36	0	0	1999	0
38	0	0	1999	0
40	0	0	1999	0
42	0	0	1999	0
44	0	0	1999	0
46	0	0	1999	0
48	0	0	1999	0
50	0	0	1999	0
52	0	0	1999	0
54	0	0	1999	0
56	0	0	1999	0
58	0	0	1999	0
60	0	0	1999	0
62	0	0	1999	0
64	0	0	1999	0
