# Number of sweeps:20
# Match window:1999
# Search window:2007
# Reject offset:2088
# Bunch offset:2096
# Coarse rollover:4095
# Threshold: [90, 160, 1]
# Channel:14
thr	hits	freq	window	error
-74	0	0	1999	0
-72	0	0	1999	0
-70	0	0	1999	0
-68	0	0	1999	0
-66	0	0	1999	0
-64	0	0	1999	0
-62	0	0	1999	0
-60	0	0	1999	0
-58	0	0	1999	0
-56	0	0	1999	0
-54	0	0	1999	0
-52	0	0	1999	0
-50	0	0	1999	0
-48	0	0	1999	0
-46	0	0	1999	0
-44	0	0	1999	0
-42	0	0	1999	0
-40	0	0	1999	0
-38	0	0	1999	0
-36	0	0	1999	0
-34	0	0	1999	0
-32	0	0	1999	0
-30	3	3000	1999	1732.05
-28	10	10000	1999	3162.28
-26	14	14000	1999	3741.66
-24	37	37000	1999	6082.76
-22	127	127000	1999	11269.4
-20	256	256000	1999	16000
-18	595	595000	1999	24392.6
-16	1217	1.217e+06	1999	34885.5
-14	1288	2.576e+06	999	71777.4
-12	1271	5.084e+06	499	142604
-10	1290	1.032e+07	249	287333
-8	816	1.3056e+07	124	457051
-6	833	1.3328e+07	124	461788
-4	835	1.336e+07	124	462342
-2	832	1.3312e+07	124	461511
0	835	1.336e+07	124	462342
2	837	1.3392e+07	124	462895
4	822	1.3152e+07	124	458729
6	803	1.2848e+07	124	453396
8	143	2.288e+06	124	191332
10	182	182000	1999	13490.7
12	44	44000	1999	6633.25
14	6	6000	1999	2449.49
16	1	1000	1999	1000
18	0	0	1999	0
20	0	0	1999	0
22	0	0	1999	0
24	0	0	1999	0
26	0	0	1999	0
28	0	0	1999	0
30	0	0	1999	0
32	0	0	1999	0
34	0	0	1999	0
36	0	0	1999	0
38	0	0	1999	0
40	0	0	1999	0
42	0	0	1999	0
44	0	0	1999	0
46	0	0	1999	0
48	0	0	1999	0
50	0	0	1999	0
52	0	0	1999	0
54	0	0	1999	0
56	0	0	1999	0
58	0	0	1999	0
60	0	0	1999	0
62	0	0	1999	0
64	0	0	1999	0
