# Number of sweeps:20
# Match window:1999
# Search window:2007
# Reject offset:2088
# Bunch offset:2096
# Coarse rollover:4095
# Threshold: [90, 160, 1]
# Channel:17
thr	hits	freq	window	error
-74	0	0	1999	0
-72	0	0	1999	0
-70	0	0	1999	0
-68	0	0	1999	0
-66	0	0	1999	0
-64	0	0	1999	0
-62	0	0	1999	0
-60	0	0	1999	0
-58	0	0	1999	0
-56	0	0	1999	0
-54	0	0	1999	0
-52	0	0	1999	0
-50	0	0	1999	0
-48	0	0	1999	0
-46	0	0	1999	0
-44	0	0	1999	0
-42	0	0	1999	0
-40	0	0	1999	0
-38	0	0	1999	0
-36	0	0	1999	0
-34	1	1000	1999	1000
-32	2	2000	1999	1414.21
-30	11	11000	1999	3316.62
-28	30	30000	1999	5477.23
-26	59	59000	1999	7681.15
-24	102	102000	1999	10099.5
-22	284	284000	1999	16852.3
-20	654	654000	1999	25573.4
-18	1393	1.393e+06	1999	37322.9
-16	1548	3.096e+06	999	78689.3
-14	966	7.728e+06	249	248644
-12	787	1.2592e+07	124	448856
-10	832	1.3312e+07	124	461511
-8	834	1.3344e+07	124	462065
-6	835	1.336e+07	124	462342
-4	835	1.336e+07	124	462342
-2	832	1.3312e+07	124	461511
0	823	1.3168e+07	124	459008
2	766	1.2256e+07	124	442827
4	416	3.328e+06	249	163169
6	213	213000	1999	14594.5
8	43	43000	1999	6557.44
10	12	12000	1999	3464.1
12	6	6000	1999	2449.49
14	0	0	1999	0
16	0	0	1999	0
18	0	0	1999	0
20	0	0	1999	0
22	0	0	1999	0
24	0	0	1999	0
26	0	0	1999	0
28	0	0	1999	0
30	0	0	1999	0
32	0	0	1999	0
34	0	0	1999	0
36	0	0	1999	0
38	0	0	1999	0
40	0	0	1999	0
42	0	0	1999	0
44	0	0	1999	0
46	0	0	1999	0
48	0	0	1999	0
50	0	0	1999	0
52	0	0	1999	0
54	0	0	1999	0
56	0	0	1999	0
58	0	0	1999	0
60	0	0	1999	0
62	0	0	1999	0
64	0	0	1999	0
