# Number of sweeps:20
# Match window:1999
# Search window:2007
# Reject offset:2088
# Bunch offset:2096
# Coarse rollover:4095
# Threshold: [90, 160, 1]
# Channel:1
thr	hits	freq	window	error
-74	0	0	1999	0
-72	0	0	1999	0
-70	0	0	1999	0
-68	0	0	1999	0
-66	0	0	1999	0
-64	0	0	1999	0
-62	0	0	1999	0
-60	0	0	1999	0
-58	0	0	1999	0
-56	1	1000	1999	1000
-54	1	1000	1999	1000
-52	3	3000	1999	1732.05
-50	5	5000	1999	2236.07
-48	9	9000	1999	3000
-46	17	17000	1999	4123.11
-44	40	40000	1999	6324.56
-42	40	40000	1999	6324.56
-40	89	89000	1999	9433.98
-38	149	149000	1999	12206.6
-36	238	238000	1999	15427.2
-34	335	335000	1999	18303
-32	562	562000	1999	23706.5
-30	827	827000	1999	28757.6
-28	1176	1.176e+06	1999	34292.9
-26	1718	1.718e+06	1999	41448.8
-24	1148	2.296e+06	999	67764.3
-22	1577	3.154e+06	999	79422.9
-20	998	3.992e+06	499	126365
-18	1375	5.5e+06	499	148324
-16	954	7.632e+06	249	247095
-14	1246	9.968e+06	249	282390
-12	806	1.2896e+07	124	454242
-10	826	1.3216e+07	124	459843
-8	833	1.3328e+07	124	461788
-6	834	1.3344e+07	124	462065
-4	836	1.3376e+07	124	462619
-2	833	1.3328e+07	124	461788
0	830	1.328e+07	124	460956
2	800	1.28e+07	124	452548
4	683	1.0928e+07	124	418148
6	818	6.544e+06	249	228806
8	1200	4.8e+06	499	138564
10	857	3.428e+06	499	117098
12	1251	2.502e+06	999	70739
14	1762	1.762e+06	1999	41976.2
16	1290	1.29e+06	1999	35916.6
18	797	797000	1999	28231.2
20	570	570000	1999	23874.7
22	351	351000	1999	18735
24	256	256000	1999	16000
26	186	186000	1999	13638.2
28	84	84000	1999	9165.15
30	43	43000	1999	6557.44
32	30	30000	1999	5477.23
34	10	10000	1999	3162.28
36	7	7000	1999	2645.75
38	3	3000	1999	1732.05
40	4	4000	1999	2000
42	1	1000	1999	1000
44	0	0	1999	0
46	0	0	1999	0
48	0	0	1999	0
50	0	0	1999	0
52	0	0	1999	0
54	0	0	1999	0
56	0	0	1999	0
58	0	0	1999	0
60	0	0	1999	0
62	0	0	1999	0
64	0	0	1999	0
