# Number of sweeps:20
# Match window:1999
# Search window:2007
# Reject offset:2088
# Bunch offset:2096
# Coarse rollover:4095
# Threshold: [90, 160, 1]
# Channel:11
thr	hits	freq	window	error
-74	0	0	1999	0
-72	0	0	1999	0
-70	0	0	1999	0
-68	0	0	1999	0
-66	0	0	1999	0
-64	0	0	1999	0
-62	0	0	1999	0
-60	0	0	1999	0
-58	0	0	1999	0
-56	0	0	1999	0
-54	0	0	1999	0
-52	0	0	1999	0
-50	0	0	1999	0
-48	0	0	1999	0
-46	0	0	1999	0
-44	0	0	1999	0
-42	0	0	1999	0
-40	0	0	1999	0
-38	0	0	1999	0
-36	0	0	1999	0
-34	0	0	1999	0
-32	2	2000	1999	1414.21
-30	5	5000	1999	2236.07
-28	12	12000	1999	3464.1
-26	31	31000	1999	5567.76
-24	77	77000	1999	8774.96
-22	143	143000	1999	11958.3
-20	453	453000	1999	21283.8
-18	950	950000	1999	30822.1
-16	1060	2.12e+06	999	65115.3
-14	983	3.932e+06	499	125411
-12	938	7.504e+06	249	245014
-10	662	1.0592e+07	124	411670
-8	819	1.3104e+07	124	457891
-6	827	1.3232e+07	124	460122
-4	832	1.3312e+07	124	461511
-2	832	1.3312e+07	124	461511
0	831	1.3296e+07	124	461233
2	832	1.3312e+07	124	461511
4	818	1.3088e+07	124	457611
6	813	1.3008e+07	124	456210
8	608	4.864e+06	249	197261
10	227	227000	1999	15066.5
12	9	9000	1999	3000
14	4	4000	1999	2000
16	0	0	1999	0
18	0	0	1999	0
20	0	0	1999	0
22	0	0	1999	0
24	0	0	1999	0
26	0	0	1999	0
28	0	0	1999	0
30	0	0	1999	0
32	0	0	1999	0
34	0	0	1999	0
36	0	0	1999	0
38	0	0	1999	0
40	0	0	1999	0
42	0	0	1999	0
44	0	0	1999	0
46	1	1000	1999	1000
48	0	0	1999	0
50	0	0	1999	0
52	0	0	1999	0
54	0	0	1999	0
56	0	0	1999	0
58	0	0	1999	0
60	0	0	1999	0
62	0	0	1999	0
64	0	0	1999	0
