# Number of sweeps:20
# Match window:1999
# Search window:2007
# Reject offset:2088
# Bunch offset:2096
# Coarse rollover:4095
# Threshold: [90, 160, 1]
# Channel:3
thr	hits	freq	window	error
-74	0	0	1999	0
-72	0	0	1999	0
-70	0	0	1999	0
-68	0	0	1999	0
-66	0	0	1999	0
-64	0	0	1999	0
-62	0	0	1999	0
-60	0	0	1999	0
-58	0	0	1999	0
-56	0	0	1999	0
-54	1	1000	1999	1000
-52	0	0	1999	0
-50	1	1000	1999	1000
-48	0	0	1999	0
-46	2	2000	1999	1414.21
-44	5	5000	1999	2236.07
-42	10	10000	1999	3162.28
-40	19	19000	1999	4358.9
-38	32	32000	1999	5656.85
-36	53	53000	1999	7280.11
-34	104	104000	1999	10198
-32	141	141000	1999	11874.3
-30	310	310000	1999	17606.8
-28	488	488000	1999	22090.7
-26	757	757000	1999	27513.6
-24	1157	1.157e+06	1999	34014.7
-22	1667	1.667e+06	1999	40828.9
-20	1267	2.534e+06	999	71189.9
-18	975	3.9e+06	499	124900
-16	723	5.784e+06	249	215109
-14	1141	9.128e+06	249	270230
-12	778	1.2448e+07	124	446282
-10	835	1.336e+07	124	462342
-8	831	1.3296e+07	124	461233
-6	834	1.3344e+07	124	462065
-4	830	1.328e+07	124	460956
-2	835	1.336e+07	124	462342
0	837	1.3392e+07	124	462895
2	817	1.3072e+07	124	457331
4	726	1.1616e+07	124	431110
6	1038	8.304e+06	249	257744
8	805	6.44e+06	249	226980
10	1223	4.892e+06	499	139886
12	882	3.528e+06	499	118794
14	1338	2.676e+06	999	73157.4
16	1800	1.8e+06	1999	42426.4
18	1250	1.25e+06	1999	35355.3
20	805	805000	1999	28372.5
22	545	545000	1999	23345.2
24	329	329000	1999	18138.4
26	208	208000	1999	14422.2
28	99	99000	1999	9949.87
30	77	77000	1999	8774.96
32	39	39000	1999	6245
34	17	17000	1999	4123.11
36	14	14000	1999	3741.66
38	4	4000	1999	2000
40	1	1000	1999	1000
42	1	1000	1999	1000
44	0	0	1999	0
46	1	1000	1999	1000
48	0	0	1999	0
50	0	0	1999	0
52	0	0	1999	0
54	0	0	1999	0
56	0	0	1999	0
58	0	0	1999	0
60	0	0	1999	0
62	0	0	1999	0
64	0	0	1999	0
