# Number of sweeps:20
# Match window:1999
# Search window:2007
# Reject offset:2088
# Bunch offset:2096
# Coarse rollover:4095
# Threshold: [90, 160, 1]
# Channel:18
thr	hits	freq	window	error
-74	0	0	1999	0
-72	0	0	1999	0
-70	0	0	1999	0
-68	0	0	1999	0
-66	0	0	1999	0
-64	0	0	1999	0
-62	0	0	1999	0
-60	0	0	1999	0
-58	0	0	1999	0
-56	0	0	1999	0
-54	0	0	1999	0
-52	0	0	1999	0
-50	0	0	1999	0
-48	0	0	1999	0
-46	0	0	1999	0
-44	0	0	1999	0
-42	0	0	1999	0
-40	0	0	1999	0
-38	0	0	1999	0
-36	0	0	1999	0
-34	0	0	1999	0
-32	0	0	1999	0
-30	0	0	1999	0
-28	0	0	1999	0
-26	0	0	1999	0
-24	2	2000	1999	1414.21
-22	3	3000	1999	1732.05
-20	8	8000	1999	2828.43
-18	24	24000	1999	4898.98
-16	129	129000	1999	11357.8
-14	1202	1.202e+06	1999	34669.9
-12	1043	8.344e+06	249	258364
-10	800	1.28e+07	124	452548
-8	830	1.328e+07	124	460956
-6	831	1.3296e+07	124	461233
-4	835	1.336e+07	124	462342
-2	834	1.3344e+07	124	462065
0	836	1.3376e+07	124	462619
2	817	1.3072e+07	124	457331
4	1110	8.88e+06	249	266533
6	1114	4.456e+06	499	133507
8	1143	2.286e+06	999	67616.6
10	1155	1.155e+06	1999	33985.3
12	488	488000	1999	22090.7
14	235	235000	1999	15329.7
16	88	88000	1999	9380.83
18	25	25000	1999	5000
20	11	11000	1999	3316.62
22	7	7000	1999	2645.75
24	0	0	1999	0
26	0	0	1999	0
28	0	0	1999	0
30	0	0	1999	0
32	0	0	1999	0
34	0	0	1999	0
36	0	0	1999	0
38	0	0	1999	0
40	0	0	1999	0
42	0	0	1999	0
44	0	0	1999	0
46	0	0	1999	0
48	0	0	1999	0
50	0	0	1999	0
52	0	0	1999	0
54	0	0	1999	0
56	0	0	1999	0
58	0	0	1999	0
60	0	0	1999	0
62	0	0	1999	0
64	0	0	1999	0
