# Number of sweeps:20
# Match window:1999
# Search window:2007
# Reject offset:2088
# Bunch offset:2096
# Coarse rollover:4095
# Threshold: [90, 160, 1]
# Channel:12
thr	hits	freq	window	error
-74	0	0	1999	0
-72	0	0	1999	0
-70	0	0	1999	0
-68	0	0	1999	0
-66	0	0	1999	0
-64	0	0	1999	0
-62	0	0	1999	0
-60	0	0	1999	0
-58	0	0	1999	0
-56	0	0	1999	0
-54	0	0	1999	0
-52	0	0	1999	0
-50	0	0	1999	0
-48	0	0	1999	0
-46	0	0	1999	0
-44	0	0	1999	0
-42	0	0	1999	0
-40	0	0	1999	0
-38	0	0	1999	0
-36	0	0	1999	0
-34	1	1000	1999	1000
-32	0	0	1999	0
-30	3	3000	1999	1732.05
-28	6	6000	1999	2449.49
-26	14	14000	1999	3741.66
-24	36	36000	1999	6000
-22	62	62000	1999	7874.01
-20	165	165000	1999	12845.2
-18	390	390000	1999	19748.4
-16	855	855000	1999	29240.4
-14	898	1.796e+06	999	59933.3
-12	981	3.924e+06	499	125284
-10	1040	8.32e+06	249	257992
-8	825	1.32e+07	124	459565
-6	832	1.3312e+07	124	461511
-4	836	1.3376e+07	124	462619
-2	835	1.336e+07	124	462342
0	831	1.3296e+07	124	461233
2	831	1.3296e+07	124	461233
4	814	1.3024e+07	124	456491
6	802	1.2832e+07	124	453114
8	389	6.224e+06	124	315569
10	283	283000	1999	16822.6
12	52	52000	1999	7211.1
14	16	16000	1999	4000
16	4	4000	1999	2000
18	1	1000	1999	1000
20	1	1000	1999	1000
22	0	0	1999	0
24	0	0	1999	0
26	0	0	1999	0
28	0	0	1999	0
30	0	0	1999	0
32	0	0	1999	0
34	0	0	1999	0
36	0	0	1999	0
38	0	0	1999	0
40	0	0	1999	0
42	0	0	1999	0
44	0	0	1999	0
46	0	0	1999	0
48	0	0	1999	0
50	0	0	1999	0
52	0	0	1999	0
54	0	0	1999	0
56	0	0	1999	0
58	0	0	1999	0
60	0	0	1999	0
62	0	0	1999	0
64	0	0	1999	0
