# Number of sweeps:20
# Match window:1999
# Search window:2007
# Reject offset:2088
# Bunch offset:2096
# Coarse rollover:4095
# Threshold: [90, 160, 1]
# Channel:16
thr	hits	freq	window	error
-74	0	0	1999	0
-72	0	0	1999	0
-70	0	0	1999	0
-68	0	0	1999	0
-66	0	0	1999	0
-64	0	0	1999	0
-62	0	0	1999	0
-60	0	0	1999	0
-58	0	0	1999	0
-56	0	0	1999	0
-54	0	0	1999	0
-52	0	0	1999	0
-50	0	0	1999	0
-48	0	0	1999	0
-46	0	0	1999	0
-44	0	0	1999	0
-42	0	0	1999	0
-40	0	0	1999	0
-38	0	0	1999	0
-36	0	0	1999	0
-34	0	0	1999	0
-32	0	0	1999	0
-30	0	0	1999	0
-28	5	5000	1999	2236.07
-26	2	2000	1999	1414.21
-24	19	19000	1999	4358.9
-22	50	50000	1999	7071.07
-20	123	123000	1999	11090.5
-18	282	282000	1999	16792.9
-16	869	869000	1999	29478.8
-14	725	2.9e+06	499	107703
-12	1228	9.824e+06	249	280343
-10	802	1.2832e+07	124	453114
-8	831	1.3296e+07	124	461233
-6	829	1.3264e+07	124	460678
-4	832	1.3312e+07	124	461511
-2	831	1.3296e+07	124	461233
0	835	1.336e+07	124	462342
2	781	1.2496e+07	124	447142
4	442	3.536e+06	249	168190
6	453	453000	1999	21283.8
8	164	164000	1999	12806.2
10	68	68000	1999	8246.21
12	28	28000	1999	5291.5
14	9	9000	1999	3000
16	3	3000	1999	1732.05
18	1	1000	1999	1000
20	0	0	1999	0
22	2	2000	1999	1414.21
24	0	0	1999	0
26	0	0	1999	0
28	0	0	1999	0
30	0	0	1999	0
32	0	0	1999	0
34	0	0	1999	0
36	0	0	1999	0
38	0	0	1999	0
40	0	0	1999	0
42	0	0	1999	0
44	0	0	1999	0
46	0	0	1999	0
48	0	0	1999	0
50	0	0	1999	0
52	0	0	1999	0
54	0	0	1999	0
56	0	0	1999	0
58	0	0	1999	0
60	0	0	1999	0
62	0	0	1999	0
64	0	0	1999	0
