# Number of sweeps:20
# Match window:1999
# Search window:2007
# Reject offset:2088
# Bunch offset:2096
# Coarse rollover:4095
# Threshold: [90, 160, 1]
# Channel:7
thr	hits	freq	window	error
-74	0	0	1999	0
-72	0	0	1999	0
-70	0	0	1999	0
-68	0	0	1999	0
-66	0	0	1999	0
-64	0	0	1999	0
-62	0	0	1999	0
-60	0	0	1999	0
-58	0	0	1999	0
-56	0	0	1999	0
-54	0	0	1999	0
-52	0	0	1999	0
-50	0	0	1999	0
-48	0	0	1999	0
-46	0	0	1999	0
-44	0	0	1999	0
-42	0	0	1999	0
-40	0	0	1999	0
-38	0	0	1999	0
-36	0	0	1999	0
-34	0	0	1999	0
-32	0	0	1999	0
-30	0	0	1999	0
-28	1	1000	1999	1000
-26	0	0	1999	0
-24	3	3000	1999	1732.05
-22	4	4000	1999	2000
-20	24	24000	1999	4898.98
-18	138	138000	1999	11747.3
-16	644	644000	1999	25377.2
-14	750	3e+06	499	109545
-12	1084	8.672e+06	249	263393
-10	816	1.3056e+07	124	457051
-8	830	1.328e+07	124	460956
-6	837	1.3392e+07	124	462895
-4	832	1.3312e+07	124	461511
-2	832	1.3312e+07	124	461511
0	828	1.3248e+07	124	460400
2	791	1.2656e+07	124	449996
4	866	6.928e+06	249	235423
6	1284	1.284e+06	1999	35832.9
8	325	325000	1999	18027.8
10	65	65000	1999	8062.26
12	30	30000	1999	5477.23
14	9	9000	1999	3000
16	5	5000	1999	2236.07
18	0	0	1999	0
20	0	0	1999	0
22	0	0	1999	0
24	0	0	1999	0
26	0	0	1999	0
28	0	0	1999	0
30	0	0	1999	0
32	0	0	1999	0
34	0	0	1999	0
36	0	0	1999	0
38	0	0	1999	0
40	0	0	1999	0
42	0	0	1999	0
44	0	0	1999	0
46	0	0	1999	0
48	0	0	1999	0
50	0	0	1999	0
52	0	0	1999	0
54	0	0	1999	0
56	0	0	1999	0
58	0	0	1999	0
60	0	0	1999	0
62	0	0	1999	0
64	0	0	1999	0
