# Number of sweeps:20
# Match window:1999
# Search window:2007
# Reject offset:2088
# Bunch offset:2096
# Coarse rollover:4095
# Threshold: [90, 160, 1]
# Channel:19
thr	hits	freq	window	error
-74	0	0	1999	0
-72	0	0	1999	0
-70	0	0	1999	0
-68	0	0	1999	0
-66	0	0	1999	0
-64	0	0	1999	0
-62	0	0	1999	0
-60	0	0	1999	0
-58	0	0	1999	0
-56	0	0	1999	0
-54	0	0	1999	0
-52	0	0	1999	0
-50	0	0	1999	0
-48	0	0	1999	0
-46	0	0	1999	0
-44	0	0	1999	0
-42	0	0	1999	0
-40	0	0	1999	0
-38	0	0	1999	0
-36	0	0	1999	0
-34	0	0	1999	0
-32	0	0	1999	0
-30	1	1000	1999	1000
-28	0	0	1999	0
-26	0	0	1999	0
-24	3	3000	1999	1732.05
-22	4	4000	1999	2000
-20	30	30000	1999	5477.23
-18	102	102000	1999	10099.5
-16	437	437000	1999	20904.5
-14	1198	2.396e+06	999	69224.3
-12	1247	9.976e+06	249	282503
-10	807	1.2912e+07	124	454524
-8	834	1.3344e+07	124	462065
-6	833	1.3328e+07	124	461788
-4	830	1.328e+07	124	460956
-2	831	1.3296e+07	124	461233
0	832	1.3312e+07	124	461511
2	798	1.2768e+07	124	451982
4	765	6.12e+06	249	221269
6	1794	1.794e+06	1999	42355.6
8	778	778000	1999	27892.7
10	318	318000	1999	17832.6
12	114	114000	1999	10677.1
14	59	59000	1999	7681.15
16	20	20000	1999	4472.14
18	10	10000	1999	3162.28
20	1	1000	1999	1000
22	0	0	1999	0
24	1	1000	1999	1000
26	0	0	1999	0
28	0	0	1999	0
30	0	0	1999	0
32	0	0	1999	0
34	0	0	1999	0
36	0	0	1999	0
38	0	0	1999	0
40	0	0	1999	0
42	0	0	1999	0
44	0	0	1999	0
46	0	0	1999	0
48	0	0	1999	0
50	0	0	1999	0
52	0	0	1999	0
54	0	0	1999	0
56	0	0	1999	0
58	0	0	1999	0
60	0	0	1999	0
62	0	0	1999	0
64	0	0	1999	0
