# Number of sweeps:20
# Match window:1999
# Search window:2007
# Reject offset:2088
# Bunch offset:2096
# Coarse rollover:4095
# Threshold: [90, 160, 1]
# Channel:10
thr	hits	freq	window	error
-74	0	0	1999	0
-72	0	0	1999	0
-70	0	0	1999	0
-68	0	0	1999	0
-66	0	0	1999	0
-64	0	0	1999	0
-62	0	0	1999	0
-60	0	0	1999	0
-58	0	0	1999	0
-56	0	0	1999	0
-54	0	0	1999	0
-52	0	0	1999	0
-50	0	0	1999	0
-48	0	0	1999	0
-46	0	0	1999	0
-44	0	0	1999	0
-42	0	0	1999	0
-40	0	0	1999	0
-38	0	0	1999	0
-36	0	0	1999	0
-34	0	0	1999	0
-32	0	0	1999	0
-30	0	0	1999	0
-28	0	0	1999	0
-26	0	0	1999	0
-24	4	4000	1999	2000
-22	11	11000	1999	3316.62
-20	28	28000	1999	5291.5
-18	79	79000	1999	8888.19
-16	163	163000	1999	12767.1
-14	445	445000	1999	21095
-12	1272	1.272e+06	1999	35665.1
-10	1049	4.196e+06	499	129553
-8	654	1.0464e+07	124	409175
-6	829	1.3264e+07	124	460678
-4	837	1.3392e+07	124	462895
-2	835	1.336e+07	124	462342
0	833	1.3328e+07	124	461788
2	830	1.328e+07	124	460956
4	829	1.3264e+07	124	460678
6	796	1.2736e+07	124	451416
8	327	5.232e+06	124	289330
10	508	508000	1999	22538.9
12	169	169000	1999	13000
14	55	55000	1999	7416.2
16	22	22000	1999	4690.42
18	4	4000	1999	2000
20	2	2000	1999	1414.21
22	1	1000	1999	1000
24	0	0	1999	0
26	0	0	1999	0
28	0	0	1999	0
30	0	0	1999	0
32	0	0	1999	0
34	0	0	1999	0
36	0	0	1999	0
38	0	0	1999	0
40	0	0	1999	0
42	0	0	1999	0
44	0	0	1999	0
46	0	0	1999	0
48	0	0	1999	0
50	0	0	1999	0
52	0	0	1999	0
54	0	0	1999	0
56	0	0	1999	0
58	0	0	1999	0
60	0	0	1999	0
62	0	0	1999	0
64	0	0	1999	0
