# Number of sweeps:20
# Match window:1999
# Search window:2007
# Reject offset:2088
# Bunch offset:2096
# Coarse rollover:4095
# Threshold: [90, 160, 1]
# Channel:22
thr	hits	freq	window	error
-74	0	0	1999	0
-72	0	0	1999	0
-70	0	0	1999	0
-68	0	0	1999	0
-66	0	0	1999	0
-64	0	0	1999	0
-62	0	0	1999	0
-60	0	0	1999	0
-58	0	0	1999	0
-56	0	0	1999	0
-54	0	0	1999	0
-52	0	0	1999	0
-50	0	0	1999	0
-48	0	0	1999	0
-46	0	0	1999	0
-44	0	0	1999	0
-42	0	0	1999	0
-40	0	0	1999	0
-38	0	0	1999	0
-36	0	0	1999	0
-34	0	0	1999	0
-32	0	0	1999	0
-30	0	0	1999	0
-28	0	0	1999	0
-26	0	0	1999	0
-24	10	10000	1999	3162.28
-22	13	13000	1999	3605.55
-20	70	70000	1999	8366.6
-18	218	218000	1999	14764.8
-16	902	902000	1999	30033.3
-14	989	3.956e+06	499	125793
-12	701	1.1216e+07	124	423622
-10	830	1.328e+07	124	460956
-8	834	1.3344e+07	124	462065
-6	828	1.3248e+07	124	460400
-4	833	1.3328e+07	124	461788
-2	833	1.3328e+07	124	461788
0	834	1.3344e+07	124	462065
2	779	1.2464e+07	124	446569
4	609	4.872e+06	249	197423
6	1054	1.054e+06	1999	32465.4
8	350	350000	1999	18708.3
10	91	91000	1999	9539.39
12	41	41000	1999	6403.12
14	16	16000	1999	4000
16	4	4000	1999	2000
18	1	1000	1999	1000
20	0	0	1999	0
22	0	0	1999	0
24	0	0	1999	0
26	0	0	1999	0
28	0	0	1999	0
30	0	0	1999	0
32	0	0	1999	0
34	0	0	1999	0
36	0	0	1999	0
38	0	0	1999	0
40	0	0	1999	0
42	0	0	1999	0
44	0	0	1999	0
46	0	0	1999	0
48	0	0	1999	0
50	0	0	1999	0
52	0	0	1999	0
54	0	0	1999	0
56	0	0	1999	0
58	0	0	1999	0
60	0	0	1999	0
62	0	0	1999	0
64	0	0	1999	0
