# Number of sweeps:20
# Match window:1999
# Search window:2007
# Reject offset:2088
# Bunch offset:2096
# Coarse rollover:4095
# Threshold: [90, 160, 1]
# Channel:15
thr	hits	freq	window	error
-74	0	0	1999	0
-72	0	0	1999	0
-70	0	0	1999	0
-68	0	0	1999	0
-66	0	0	1999	0
-64	0	0	1999	0
-62	0	0	1999	0
-60	0	0	1999	0
-58	0	0	1999	0
-56	0	0	1999	0
-54	0	0	1999	0
-52	0	0	1999	0
-50	0	0	1999	0
-48	0	0	1999	0
-46	0	0	1999	0
-44	0	0	1999	0
-42	0	0	1999	0
-40	0	0	1999	0
-38	0	0	1999	0
-36	0	0	1999	0
-34	0	0	1999	0
-32	0	0	1999	0
-30	0	0	1999	0
-28	0	0	1999	0
-26	0	0	1999	0
-24	0	0	1999	0
-22	0	0	1999	0
-20	1	1000	1999	1000
-18	8	8000	1999	2828.43
-16	18	18000	1999	4242.64
-14	117	117000	1999	10816.7
-12	534	534000	1999	23108.4
-10	693	2.772e+06	499	105300
-8	1256	1.0048e+07	249	283521
-6	812	1.2992e+07	124	455930
-4	832	1.3312e+07	124	461511
-2	835	1.336e+07	124	462342
0	835	1.336e+07	124	462342
2	830	1.328e+07	124	460956
4	829	1.3264e+07	124	460678
6	805	1.288e+07	124	453960
8	312	4.992e+06	124	282616
10	571	571000	1999	23895.6
12	119	119000	1999	10908.7
14	38	38000	1999	6164.41
16	14	14000	1999	3741.66
18	3	3000	1999	1732.05
20	1	1000	1999	1000
22	0	0	1999	0
24	0	0	1999	0
26	0	0	1999	0
28	0	0	1999	0
30	0	0	1999	0
32	0	0	1999	0
34	0	0	1999	0
36	0	0	1999	0
38	0	0	1999	0
40	0	0	1999	0
42	0	0	1999	0
44	0	0	1999	0
46	0	0	1999	0
48	0	0	1999	0
50	0	0	1999	0
52	0	0	1999	0
54	0	0	1999	0
56	0	0	1999	0
58	0	0	1999	0
60	0	0	1999	0
62	0	0	1999	0
64	0	0	1999	0
