# Number of sweeps:20
# Match window:1999
# Search window:2007
# Reject offset:2088
# Bunch offset:2096
# Coarse rollover:4095
# Threshold: [90, 160, 1]
# Channel:4
thr	hits	freq	window	error
-74	0	0	1999	0
-72	0	0	1999	0
-70	0	0	1999	0
-68	0	0	1999	0
-66	0	0	1999	0
-64	0	0	1999	0
-62	0	0	1999	0
-60	1	1000	1999	1000
-58	2	2000	1999	1414.21
-56	0	0	1999	0
-54	6	6000	1999	2449.49
-52	7	7000	1999	2645.75
-50	19	19000	1999	4358.9
-48	36	36000	1999	6000
-46	58	58000	1999	7615.77
-44	98	98000	1999	9899.49
-42	163	163000	1999	12767.1
-40	267	267000	1999	16340.1
-38	417	417000	1999	20420.6
-36	679	679000	1999	26057.6
-34	997	997000	1999	31575.3
-32	1506	1.506e+06	1999	38807.2
-30	1093	2.186e+06	999	66121.1
-28	1531	3.062e+06	999	78256
-26	1005	4.02e+06	499	126807
-24	1247	4.988e+06	499	141252
-22	781	6.248e+06	249	223571
-20	963	7.704e+06	249	248258
-18	1126	9.008e+06	249	268447
-16	677	1.0832e+07	124	416308
-14	785	1.256e+07	124	448286
-12	817	1.3072e+07	124	457331
-10	835	1.336e+07	124	462342
-8	834	1.3344e+07	124	462065
-6	832	1.3312e+07	124	461511
-4	835	1.336e+07	124	462342
-2	832	1.3312e+07	124	461511
0	826	1.3216e+07	124	459843
2	800	1.28e+07	124	452548
4	940	7.52e+06	249	245275
6	848	3.392e+06	499	116482
8	1734	1.734e+06	1999	41641.3
10	925	925000	1999	30413.8
12	539	539000	1999	23216.4
14	309	309000	1999	17578.4
16	147	147000	1999	12124.4
18	78	78000	1999	8831.76
20	51	51000	1999	7141.43
22	18	18000	1999	4242.64
24	20	20000	1999	4472.14
26	5	5000	1999	2236.07
28	1	1000	1999	1000
30	5	5000	1999	2236.07
32	0	0	1999	0
34	0	0	1999	0
36	0	0	1999	0
38	1	1000	1999	1000
40	0	0	1999	0
42	0	0	1999	0
44	0	0	1999	0
46	0	0	1999	0
48	0	0	1999	0
50	0	0	1999	0
52	0	0	1999	0
54	0	0	1999	0
56	0	0	1999	0
58	0	0	1999	0
60	0	0	1999	0
62	0	0	1999	0
64	0	0	1999	0
