# Number of sweeps:20
# Match window:31
# Search window:39
# Reject offset:3424
# Bunch offset:3464
# Coarse rollover:3563
# Threshold: [90, 160, 1]
# Channel:0
thr	hits	freq	window	error
-74	0	0	1999	0
-72	0	0	1999	0
-70	0	0	1999	0
-68	0	0	1999	0
-66	0	0	1999	0
-64	0	0	1999	0
-62	0	0	1999	0
-60	0	0	1999	0
-58	0	0	1999	0
-56	0	0	1999	0
-54	0	0	1999	0
-52	0	0	1999	0
-50	0	0	1999	0
-48	0	0	1999	0
-46	0	0	1999	0
-44	0	0	1999	0
-42	0	0	1999	0
-40	0	0	1999	0
-38	1	1000	1999	1000
-36	2	2000	1999	1414.21
-34	2	2000	1999	1414.21
-32	5	5000	1999	2236.07
-30	13	13000	1999	3605.55
-28	22	22000	1999	4690.42
-26	60	60000	1999	7745.97
-24	98	98000	1999	9899.49
-22	183	183000	1999	13527.7
-20	426	426000	1999	20639.8
-18	868	868000	1999	29461.8
-16	888	1.776e+06	999	59598.7
-14	1145	4.58e+06	499	135351
-12	641	1.0256e+07	124	405088
-10	831	1.3296e+07	124	461233
-8	834	1.3344e+07	124	462065
-6	830	1.328e+07	124	460956
-4	834	1.3344e+07	124	462065
-2	826	1.3216e+07	124	459843
0	828	1.3248e+07	124	460400
2	801	1.2816e+07	124	452831
4	869	6.952e+06	249	235830
6	1318	1.318e+06	1999	36304.3
8	374	374000	1999	19339.1
10	176	176000	1999	13266.5
12	81	81000	1999	9000
14	35	35000	1999	5916.08
16	14	14000	1999	3741.66
18	2	2000	1999	1414.21
20	3	3000	1999	1732.05
22	1	1000	1999	1000
24	0	0	1999	0
26	0	0	1999	0
28	0	0	1999	0
30	0	0	1999	0
32	0	0	1999	0
34	0	0	1999	0
36	0	0	1999	0
38	0	0	1999	0
40	0	0	1999	0
42	0	0	1999	0
44	0	0	1999	0
46	0	0	1999	0
48	0	0	1999	0
50	0	0	1999	0
52	0	0	1999	0
54	0	0	1999	0
56	0	0	1999	0
58	0	0	1999	0
60	0	0	1999	0
62	0	0	1999	0
64	0	0	1999	0
