# Number of sweeps:20
# Match window:1999
# Search window:2007
# Reject offset:2088
# Bunch offset:2096
# Coarse rollover:4095
# Threshold: [90, 160, 1]
# Channel:13
thr	hits	freq	window	error
-74	0	0	1999	0
-72	0	0	1999	0
-70	0	0	1999	0
-68	0	0	1999	0
-66	0	0	1999	0
-64	0	0	1999	0
-62	0	0	1999	0
-60	0	0	1999	0
-58	0	0	1999	0
-56	0	0	1999	0
-54	0	0	1999	0
-52	0	0	1999	0
-50	0	0	1999	0
-48	0	0	1999	0
-46	0	0	1999	0
-44	0	0	1999	0
-42	0	0	1999	0
-40	0	0	1999	0
-38	0	0	1999	0
-36	0	0	1999	0
-34	0	0	1999	0
-32	0	0	1999	0
-30	0	0	1999	0
-28	5	5000	1999	2236.07
-26	9	9000	1999	3000
-24	16	16000	1999	4000
-22	47	47000	1999	6855.65
-20	141	141000	1999	11874.3
-18	332	332000	1999	18220.9
-16	735	735000	1999	27110.9
-14	849	1.698e+06	999	58275.2
-12	910	3.64e+06	499	120665
-10	1139	9.112e+06	249	269993
-8	816	1.3056e+07	124	457051
-6	835	1.336e+07	124	462342
-4	835	1.336e+07	124	462342
-2	833	1.3328e+07	124	461788
0	834	1.3344e+07	124	462065
2	832	1.3312e+07	124	461511
4	820	1.312e+07	124	458170
6	717	1.1472e+07	124	428430
8	285	4.56e+06	124	270111
10	325	325000	1999	18027.8
12	89	89000	1999	9433.98
14	17	17000	1999	4123.11
16	9	9000	1999	3000
18	0	0	1999	0
20	1	1000	1999	1000
22	0	0	1999	0
24	0	0	1999	0
26	0	0	1999	0
28	0	0	1999	0
30	0	0	1999	0
32	0	0	1999	0
34	0	0	1999	0
36	0	0	1999	0
38	0	0	1999	0
40	0	0	1999	0
42	0	0	1999	0
44	0	0	1999	0
46	0	0	1999	0
48	0	0	1999	0
50	0	0	1999	0
52	0	0	1999	0
54	0	0	1999	0
56	0	0	1999	0
58	0	0	1999	0
60	0	0	1999	0
62	0	0	1999	0
64	0	0	1999	0
