# Number of sweeps:20
# Match window:1999
# Search window:2007
# Reject offset:2088
# Bunch offset:2096
# Coarse rollover:4095
# Threshold: [90, 160, 1]
# Channel:21
thr	hits	freq	window	error
-74	0	0	1999	0
-72	0	0	1999	0
-70	0	0	1999	0
-68	0	0	1999	0
-66	0	0	1999	0
-64	0	0	1999	0
-62	0	0	1999	0
-60	0	0	1999	0
-58	0	0	1999	0
-56	0	0	1999	0
-54	0	0	1999	0
-52	0	0	1999	0
-50	0	0	1999	0
-48	0	0	1999	0
-46	0	0	1999	0
-44	0	0	1999	0
-42	0	0	1999	0
-40	0	0	1999	0
-38	0	0	1999	0
-36	0	0	1999	0
-34	0	0	1999	0
-32	0	0	1999	0
-30	0	0	1999	0
-28	0	0	1999	0
-26	1	1000	1999	1000
-24	2	2000	1999	1414.21
-22	2	2000	1999	1414.21
-20	19	19000	1999	4358.9
-18	70	70000	1999	8366.6
-16	319	319000	1999	17860.6
-14	1090	2.18e+06	999	66030.3
-12	601	9.616e+06	124	392245
-10	821	1.3136e+07	124	458450
-8	831	1.3296e+07	124	461233
-6	835	1.336e+07	124	462342
-4	829	1.3264e+07	124	460678
-2	835	1.336e+07	124	462342
0	832	1.3312e+07	124	461511
2	800	1.28e+07	124	452548
4	867	6.936e+06	249	235559
6	1104	2.208e+06	999	66453
8	1005	1.005e+06	1999	31701.7
10	393	393000	1999	19824.2
12	170	170000	1999	13038.4
14	66	66000	1999	8124.04
16	33	33000	1999	5744.56
18	10	10000	1999	3162.28
20	3	3000	1999	1732.05
22	2	2000	1999	1414.21
24	1	1000	1999	1000
26	0	0	1999	0
28	0	0	1999	0
30	0	0	1999	0
32	0	0	1999	0
34	0	0	1999	0
36	0	0	1999	0
38	0	0	1999	0
40	0	0	1999	0
42	0	0	1999	0
44	0	0	1999	0
46	0	0	1999	0
48	0	0	1999	0
50	0	0	1999	0
52	0	0	1999	0
54	0	0	1999	0
56	0	0	1999	0
58	0	0	1999	0
60	0	0	1999	0
62	0	0	1999	0
64	0	0	1999	0
