# Number of sweeps:20
# Match window:1999
# Search window:2007
# Reject offset:2088
# Bunch offset:2096
# Coarse rollover:4095
# Threshold: [90, 160, 1]
# Channel:2
thr	hits	freq	window	error
-74	0	0	1999	0
-72	0	0	1999	0
-70	0	0	1999	0
-68	0	0	1999	0
-66	0	0	1999	0
-64	0	0	1999	0
-62	0	0	1999	0
-60	0	0	1999	0
-58	0	0	1999	0
-56	1	1000	1999	1000
-54	1	1000	1999	1000
-52	0	0	1999	0
-50	0	0	1999	0
-48	0	0	1999	0
-46	3	3000	1999	1732.05
-44	9	9000	1999	3000
-42	23	23000	1999	4795.83
-40	41	41000	1999	6403.12
-38	75	75000	1999	8660.25
-36	102	102000	1999	10099.5
-34	169	169000	1999	13000
-32	280	280000	1999	16733.2
-30	460	460000	1999	21447.6
-28	803	803000	1999	28337.3
-26	1168	1.168e+06	1999	34176
-24	1617	1.617e+06	1999	40211.9
-22	1164	2.328e+06	999	68234.9
-20	1569	3.138e+06	999	79221.2
-18	1136	4.544e+06	499	134818
-16	826	6.608e+06	249	229922
-14	1253	1.0024e+07	249	283182
-12	783	1.2528e+07	124	447714
-10	828	1.3248e+07	124	460400
-8	835	1.336e+07	124	462342
-6	831	1.3296e+07	124	461233
-4	830	1.328e+07	124	460956
-2	830	1.328e+07	124	460956
0	831	1.3296e+07	124	461233
2	820	1.312e+07	124	458170
4	715	1.144e+07	124	427832
6	1081	8.648e+06	249	263029
8	801	6.408e+06	249	226416
10	1238	4.952e+06	499	140741
12	955	3.82e+06	499	123612
14	1387	2.774e+06	999	74484.9
16	962	1.924e+06	999	62032.2
18	1425	1.425e+06	1999	37749.2
20	966	966000	1999	31080.5
22	690	690000	1999	26267.9
24	401	401000	1999	20025
26	301	301000	1999	17349.4
28	157	157000	1999	12530
30	108	108000	1999	10392.3
32	52	52000	1999	7211.1
34	40	40000	1999	6324.56
36	14	14000	1999	3741.66
38	11	11000	1999	3316.62
40	4	4000	1999	2000
42	6	6000	1999	2449.49
44	1	1000	1999	1000
46	0	0	1999	0
48	1	1000	1999	1000
50	0	0	1999	0
52	0	0	1999	0
54	0	0	1999	0
56	0	0	1999	0
58	0	0	1999	0
60	0	0	1999	0
62	0	0	1999	0
64	0	0	1999	0
