# Number of sweeps:20
# Match window:1999
# Search window:2007
# Reject offset:2088
# Bunch offset:2096
# Coarse rollover:4095
# Threshold: [90, 160, 1]
# Channel:6
thr	hits	freq	window	error
-74	0	0	1999	0
-72	0	0	1999	0
-70	0	0	1999	0
-68	0	0	1999	0
-66	0	0	1999	0
-64	0	0	1999	0
-62	0	0	1999	0
-60	0	0	1999	0
-58	0	0	1999	0
-56	0	0	1999	0
-54	0	0	1999	0
-52	0	0	1999	0
-50	0	0	1999	0
-48	0	0	1999	0
-46	0	0	1999	0
-44	0	0	1999	0
-42	0	0	1999	0
-40	0	0	1999	0
-38	0	0	1999	0
-36	0	0	1999	0
-34	0	0	1999	0
-32	1	1000	1999	1000
-30	1	1000	1999	1000
-28	2	2000	1999	1414.21
-26	18	18000	1999	4242.64
-24	81	81000	1999	9000
-22	231	231000	1999	15198.7
-20	683	683000	1999	26134.3
-18	967	1.934e+06	999	62193.2
-16	1205	4.82e+06	499	138852
-14	1243	9.944e+06	249	282050
-12	790	1.264e+07	124	449711
-10	840	1.344e+07	124	463724
-8	834	1.3344e+07	124	462065
-6	836	1.3376e+07	124	462619
-4	831	1.3296e+07	124	461233
-2	836	1.3376e+07	124	462619
0	832	1.3312e+07	124	461511
2	773	1.2368e+07	124	444846
4	738	5.904e+06	249	217329
6	991	991000	1999	31480.2
8	162	162000	1999	12727.9
10	40	40000	1999	6324.56
12	6	6000	1999	2449.49
14	1	1000	1999	1000
16	0	0	1999	0
18	0	0	1999	0
20	0	0	1999	0
22	0	0	1999	0
24	0	0	1999	0
26	0	0	1999	0
28	0	0	1999	0
30	0	0	1999	0
32	0	0	1999	0
34	0	0	1999	0
36	0	0	1999	0
38	0	0	1999	0
40	0	0	1999	0
42	0	0	1999	0
44	0	0	1999	0
46	0	0	1999	0
48	0	0	1999	0
50	0	0	1999	0
52	0	0	1999	0
54	0	0	1999	0
56	0	0	1999	0
58	0	0	1999	0
60	0	0	1999	0
62	0	0	1999	0
64	0	0	1999	0
